Sample	0	1	2	3	4	5	6	7	8
SRR15702528_1	(148, 7.0)	(149, 223.0)	(150, 24.0)	(151, 122894.0)					
SRR15702528_2	(147, 1.0)	(148, 982.0)	(149, 2844.0)	(150, 111986.0)	(151, 7335.0)				
SRR15702529_1	(148, 8.0)	(149, 61.0)	(150, 22.0)	(151, 148459.0)					
SRR15702529_2	(147, 1.0)	(148, 638.0)	(149, 1672.0)	(150, 102036.0)	(151, 44203.0)				
SRR15702530_1	(148, 8.0)	(149, 6250.0)	(150, 128.0)	(151, 188232.0)					
SRR15702530_2	(147, 3.0)	(148, 12294.0)	(149, 2781.0)	(150, 103721.0)	(151, 75819.0)				
SRR15702531_1	(148, 6.0)	(149, 98.0)	(150, 27.0)	(151, 131887.0)					
SRR15702531_2	(143, 1.0)	(144, 0.0)	(145, 0.0)	(146, 0.0)	(147, 9.0)	(148, 1506.0)	(149, 3359.0)	(150, 73948.0)	(151, 53195.0)
SRR15702532_1	(148, 6.0)	(149, 22.0)	(150, 36.0)	(151, 110184.0)					
SRR15702532_2	(147, 6.0)	(148, 1437.0)	(149, 3647.0)	(150, 75161.0)	(151, 29997.0)				
SRR15702534_1	(148, 4.0)	(149, 26.0)	(150, 15.0)	(151, 107451.0)					
SRR15702534_2	(148, 480.0)	(149, 950.0)	(150, 76029.0)	(151, 30037.0)					
SRR15702535_1	(148, 4.0)	(149, 54.0)	(150, 5.0)	(151, 73993.0)					
SRR15702535_2	(148, 1733.0)	(149, 962.0)	(150, 28345.0)	(151, 43016.0)					
SRR15702536_1	(148, 9.0)	(149, 65.0)	(150, 33.0)	(151, 239029.0)					
SRR15702536_2	(147, 1.0)	(148, 1293.0)	(149, 2144.0)	(150, 215099.0)	(151, 20599.0)				
SRR15702537_1	(149, 118.0)	(150, 16.0)	(151, 68649.0)						
SRR15702537_2	(148, 141.0)	(149, 304.0)	(150, 25672.0)	(151, 42666.0)					
SRR15702538_1	(148, 15.0)	(149, 56.0)	(150, 10.0)	(151, 125979.0)					
SRR15702538_2	(148, 929.0)	(149, 740.0)	(150, 92591.0)	(151, 31800.0)					
SRR15702540_1	(147, 1.0)	(148, 1.0)	(149, 1010.0)	(150, 29.0)	(151, 153598.0)				
SRR15702540_2	(147, 8.0)	(148, 10733.0)	(149, 2609.0)	(150, 77362.0)	(151, 63927.0)				
SRR15702542_1	(147, 6.0)	(148, 11.0)	(149, 5813.0)	(150, 190.0)	(151, 170280.0)				
SRR15702542_2	(147, 51.0)	(148, 17148.0)	(149, 4006.0)	(150, 74355.0)	(151, 80740.0)				
SRR15702544_1	(147, 2.0)	(148, 31.0)	(149, 71.0)	(150, 138.0)	(151, 254627.0)				
SRR15702544_2	(148, 546.0)	(149, 1623.0)	(150, 242566.0)	(151, 10134.0)					
SRR15702546_1	(147, 1.0)	(148, 3.0)	(149, 993.0)	(150, 40.0)	(151, 141369.0)				
SRR15702546_2	(147, 23.0)	(148, 4113.0)	(149, 1492.0)	(150, 59555.0)	(151, 77223.0)				
SRR15702548_1	(150, 83324.0)								
SRR15702548_2	(140, 83324.0)								
SRR15702552_1	(150, 35845.0)								
SRR15702552_2	(140, 35845.0)								
SRR15702554_1	(150, 80649.0)								
SRR15702554_2	(140, 80649.0)								
SRR15702556_1	(150, 48648.0)								
SRR15702556_2	(140, 48648.0)								
SRR15702558_1	(150, 34757.0)								
SRR15702558_2	(140, 34757.0)								
SRR15702559_1	(150, 63647.0)								
SRR15702559_2	(140, 63647.0)								
SRR15702560_1	(150, 71257.0)								
SRR15702560_2	(140, 71257.0)								
SRR15702561_1	(150, 22274.0)								
SRR15702561_2	(140, 22274.0)								
SRR15702562_1	(150, 60562.0)								
SRR15702562_2	(140, 60562.0)								
SRR15702563_1	(150, 42493.0)								
SRR15702563_2	(140, 42493.0)								
SRR15702564_1	(150, 48965.0)								
SRR15702564_2	(140, 48965.0)								
SRR15702566_1	(150, 159929.0)								
SRR15702566_2	(140, 159929.0)								
SRR15702567_1	(150, 30677.0)								
SRR15702567_2	(140, 30677.0)								
SRR15702568_1	(150, 166881.0)								
SRR15702568_2	(140, 166881.0)								
SRR15702628_1	(150, 96164.0)								
SRR15702628_2	(140, 96164.0)								
SRR15702629_1	(150, 97765.0)								
SRR15702629_2	(140, 97765.0)								
SRR15702630_1	(150, 106986.0)								
SRR15702630_2	(140, 106986.0)								
SRR15702631_1	(150, 146517.0)								
SRR15702631_2	(140, 146517.0)								
SRR15702632_1	(150, 100168.0)								
SRR15702632_2	(140, 100168.0)								
SRR15702633_1	(150, 71091.0)								
SRR15702633_2	(140, 71091.0)								
SRR15702634_1	(150, 171935.0)								
SRR15702634_2	(140, 171935.0)								
SRR15702635_1	(150, 71072.0)								
SRR15702635_2	(140, 71072.0)								
SRR15702636_1	(148, 12.0)	(149, 48.0)	(150, 16.0)	(151, 168827.0)					
SRR15702636_2	(147, 1.0)	(148, 1260.0)	(149, 1735.0)	(150, 139192.0)	(151, 26715.0)				
SRR15702638_1	(148, 1.0)	(149, 34.0)	(150, 38.0)	(151, 109688.0)					
SRR15702638_2	(147, 1.0)	(148, 2646.0)	(149, 2728.0)	(150, 88176.0)	(151, 16210.0)				
SRR15702639_1	(147, 14.0)	(148, 106.0)	(149, 30588.0)	(150, 303.0)	(151, 1561890.0)				
SRR15702639_2	(147, 24.0)	(148, 38003.0)	(149, 68016.0)	(150, 964779.0)	(151, 522079.0)				
SRR15702640_1	(148, 1.0)	(149, 27.0)	(150, 15.0)	(151, 72564.0)					
SRR15702640_2	(148, 952.0)	(149, 2351.0)	(150, 46033.0)	(151, 23271.0)					
SRR15702641_1	(148, 11.0)	(149, 109.0)	(150, 68.0)	(151, 143751.0)					
SRR15702641_2	(147, 2.0)	(148, 766.0)	(149, 2151.0)	(150, 118700.0)	(151, 22320.0)				
SRR15702642_1	(148, 9.0)	(149, 3359.0)	(150, 24.0)	(151, 146896.0)					
SRR15702642_2	(147, 11.0)	(148, 5295.0)	(149, 8679.0)	(150, 81197.0)	(151, 55106.0)				
