Sample	0	1	2	3	4	5	6	7	8	9	10	11	12	13	14	15
SRR15702528_1	(1.0, 1.4632799558255107)	(2.0, 0.7210835742358788)	(3.0, 0.8550686978270048)	(4.0, 0.6268879721960567)	(5.0, 0.43849676811641275)	(6.0, 0.41413583655438985)	(7.0, 0.39221099814856925)	(8.0, 0.2988274271608146)	(9.0, 0.2777146198070614)	('>10', 4.920096144476565)	('>50', 2.051190437522331)	('>100', 5.231916068470458)	('>500', 3.2002143761977457)	('>1k', 14.31610744794881)	('>5k', 23.38162211322961)	('>10k+', 41.41114756228278)
SRR15702528_2	(1.0, 2.7332965212589726)	(2.0, 0.8477604183583981)	(3.0, 0.8575047909832071)	(4.0, 0.6983467047779907)	(5.0, 0.6618053074349564)	(6.0, 0.38977490499236694)	(7.0, 0.3865267807840972)	(8.0, 0.42225614707506415)	(9.0, 0.32156429661870267)	('>10', 5.577841296651184)	('>50', 2.514860168252834)	('>100', 6.903075973625232)	('>500', 1.7304381719556956)	('>1k', 16.4655536427713)	('>5k', 23.871276837626272)	('>10k+', 35.61811803683373)
SRR15702529_1	(1.0, 1.5388757993941433)	(2.0, 0.7216425445977785)	(3.0, 0.7896331201615617)	(4.0, 0.6220127903062942)	(5.0, 0.4140020195220464)	(6.0, 0.33927970380343314)	(7.0, 0.3722652305621003)	(8.0, 0.3338943116795692)	(9.0, 0.278694042409963)	('>10', 5.610232245035342)	('>50', 2.3897677549646583)	('>100', 4.5432514304947835)	('>500', 4.893301918545944)	('>1k', 12.0)	('>5k', 3.3988556041736793)	('>10k+', 61.7542914843487)
SRR15702529_2	(1.0, 3.604846852911477)	(2.0, 1.0299562436889935)	(3.0, 0.9108044429485022)	(4.0, 0.6677886233591384)	(5.0, 0.5250757320767419)	(6.0, 0.43621676203298554)	(7.0, 0.3675530124537193)	(8.0, 0.37697744867048133)	(9.0, 0.290811174688657)	('>10', 6.422080107707842)	('>50', 2.090878492090205)	('>100', 5.244025580612589)	('>500', 5.215079097946819)	('>1k', 17.427802086839446)	('>5k', 0.0)	('>10k+', 55.3901043419724)
SRR15702530_1	(1.0, 1.6154723612409951)	(2.0, 0.837538151661203)	(3.0, 1.0728709574653936)	(4.0, 0.8077361806204976)	(5.0, 0.552364118426867)	(6.0, 0.49327400343236494)	(7.0, 0.5215344932123442)	(8.0, 0.4028404361364314)	(9.0, 0.36533105879209526)	('>10', 5.573996238785724)	('>50', 1.9191441696040448)	('>100', 7.41298338283201)	('>500', 3.4770678971112643)	('>1k', 20.982129093917315)	('>5k', 28.597560348991358)	('>10k+', 25.368157107770095)
SRR15702530_2	(1.0, 3.8110555036019282)	(2.0, 1.3287568467459332)	(3.0, 1.3225909217030285)	(4.0, 0.9865480068647299)	(5.0, 0.6576986712431532)	(6.0, 0.6875006422838587)	(7.0, 0.5287280724290662)	(8.0, 0.47683153665128614)	(9.0, 0.4485710468713069)	('>10', 6.397147232013483)	('>50', 2.5424164260243143)	('>100', 8.96217204986178)	('>500', 6.397147232013483)	('>1k', 21.354139904839222)	('>5k', 21.79551737249381)	('>10k+', 22.303178534359617)
SRR15702531_1	(1.0, 1.6694693147904074)	(2.0, 0.8574588313714796)	(3.0, 0.9885015679680044)	(4.0, 0.7453529064218516)	(5.0, 0.49614446514869187)	(6.0, 0.39994546198245695)	(7.0, 0.28102228483994607)	(8.0, 0.3090487660773531)	(9.0, 0.3340453574512567)	('>10', 6.004484236997985)	('>50', 2.5685891317850595)	('>100', 7.07176294141708)	('>500', 5.574997348846369)	('>1k', 17.456710448575194)	('>5k', 6.3854928873335455)	('>10k+', 48.856974048993315)
SRR15702531_2	(1.0, 4.607705009922889)	(2.0, 1.1952915511521156)	(3.0, 1.1384811162114257)	(4.0, 0.7605023557393689)	(5.0, 0.5378054507718644)	(6.0, 0.495386992682816)	(7.0, 0.48781226802405736)	(8.0, 0.3878259025284431)	(9.0, 0.32722810525837387)	('>10', 6.475632110772773)	('>50', 2.7072065930403433)	('>100', 8.334469542032148)	('>500', 5.687103273795997)	('>1k', 15.213834477116755)	('>5k', 12.642215455468195)	('>10k+', 39.00149979548244)
SRR15702532_1	(1.0, 1.6617081489006604)	(2.0, 0.8707640954937957)	(3.0, 0.927907989260576)	(4.0, 0.801828604600537)	(5.0, 0.47166388505913937)	(6.0, 0.4843625281184239)	(7.0, 0.3301647195413976)	(8.0, 0.34104927073507)	(9.0, 0.30204629562441043)	('>10', 5.611893186270953)	('>50', 2.1587693200783686)	('>100', 6.9289238807053195)	('>500', 5.346128727958783)	('>1k', 14.906392859734416)	('>5k', 11.061425150569624)	('>10k+', 47.79497133734852)
SRR15702532_2	(1.0, 3.111167549524708)	(2.0, 1.092083303098469)	(3.0, 1.1265510485450982)	(4.0, 0.8489949931064509)	(5.0, 0.6303969233001959)	(6.0, 0.5496698352804587)	(7.0, 0.4063565778971047)	(8.0, 0.5297148247587258)	(9.0, 0.3836804295769538)	('>10', 5.979246789057398)	('>50', 2.081670415789856)	('>100', 6.99060300413613)	('>500', 4.667658370219868)	('>1k', 23.854400986865976)	('>5k', 12.90272839416588)	('>10k+', 34.84507655467673)
SRR15702534_1	(1.0, 1.4558681253255936)	(2.0, 0.746074272531071)	(3.0, 0.7395624023219469)	(4.0, 0.6139763340031257)	(5.0, 0.4976929374116246)	(6.0, 0.41303862469301184)	(7.0, 0.37117660192007146)	(8.0, 0.3051276326560988)	(9.0, 0.29303415941058275)	('>10', 4.987162313016298)	('>50', 2.094961672992483)	('>100', 5.722073379474585)	('>500', 4.3536503683858)	('>1k', 10.75016744809109)	('>5k', 4.94623055741609)	('>10k+', 61.71020317035052)
SRR15702534_2	(1.0, 3.2382600282801217)	(2.0, 1.1312048820421226)	(3.0, 1.077249386023666)	(4.0, 0.8335193867678798)	(5.0, 0.5907196546848255)	(6.0, 0.5749051127483813)	(7.0, 0.3646647317109474)	(8.0, 0.3795490064746595)	(9.0, 0.4604822505023443)	('>10', 5.419736548336682)	('>50', 1.7786708342636004)	('>100', 10.085026419587706)	('>500', 5.539741013619111)	('>1k', 17.80810448760884)	('>5k', 9.686872069658406)	('>10k+', 41.031294187690705)
SRR15702535_1	(1.0, 1.8850599546289295)	(2.0, 0.9776385438046884)	(3.0, 1.2720103705304096)	(4.0, 0.8642108674516582)	(5.0, 0.6481581505887436)	(6.0, 0.57524035864751)	(7.0, 0.4159014799611105)	(8.0, 0.4429080695689748)	(9.0, 0.35243599438262935)	('>10', 5.683536782975046)	('>50', 1.845900399697526)	('>100', 6.042724424759641)	('>500', 7.908879766663065)	('>1k', 21.548557848114942)	('>5k', 7.10408339634871)	('>10k+', 42.43275359187641)
SRR15702535_2	(1.0, 4.506049476072162)	(2.0, 1.582586151020849)	(3.0, 1.5677325267365236)	(4.0, 1.220697850275467)	(5.0, 0.8372042778437939)	(6.0, 0.5185265204709949)	(7.0, 0.39699686723560546)	(8.0, 0.5401317921572865)	(9.0, 0.3888948903532462)	('>10', 5.594415037269094)	('>50', 2.660149076374635)	('>100', 9.50631954196824)	('>500', 6.877228043642648)	('>1k', 33.0817219401534)	('>5k', 15.608458463865183)	('>10k+', 15.112887544560873)
SRR15702536_1	(1.0, 1.2624615281680718)	(2.0, 0.6147129666800482)	(3.0, 0.6310216780409474)	(4.0, 0.4750434898969624)	(5.0, 0.31362906463267765)	(6.0, 0.24337615415495786)	(7.0, 0.24295798206878091)	(8.0, 0.22079486150140504)	(9.0, 0.27850260939381777)	('>10', 5.062391275257594)	('>50', 2.107169142245417)	('>100', 3.985598153352068)	('>500', 2.4567610062893084)	('>1k', 11.302355145189349)	('>5k', 3.033420313127258)	('>10k+', 67.76980463000135)
SRR15702536_2	(1.0, 2.629466077880369)	(2.0, 0.7769637361166868)	(3.0, 0.7037836210357286)	(4.0, 0.5319148936170213)	(5.0, 0.33035594807975377)	(6.0, 0.3437374548374147)	(7.0, 0.33662852937240734)	(8.0, 0.2743208885320487)	(9.0, 0.25592131674026497)	('>10', 5.239696239796602)	('>50', 1.9436638565502473)	('>100', 4.934430616887461)	('>500', 3.70709554395825)	('>1k', 15.530074936437844)	('>5k', 9.728355412819484)	('>10k+', 52.73359092733841)
SRR15702537_1	(1.0, 1.3942398557783173)	(2.0, 0.6455083378160301)	(3.0, 0.8374162220316067)	(4.0, 0.5466467004928544)	(5.0, 0.4070773301542532)	(6.0, 0.30530799761568994)	(7.0, 0.30530799761568994)	(8.0, 0.2675079598156521)	(9.0, 0.2747771978541209)	('>10', 4.653766192227731)	('>50', 1.2968320660628352)	('>100', 7.993254147100301)	('>500', 2.2418330110637803)	('>1k', 19.084657546196006)	('>5k', 11.867758021604176)	('>10k+', 47.87810941657096)
SRR15702537_2	(1.0, 3.2362647747263136)	(2.0, 1.1572626957242342)	(3.0, 1.1558088481165403)	(4.0, 0.8316008316008316)	(5.0, 0.6760391375775991)	(6.0, 0.5582774813544045)	(7.0, 0.3154849308695462)	(8.0, 0.38381576843115306)	(9.0, 0.2747771978541209)	('>10', 5.588590203974819)	('>50', 2.474448628294782)	('>100', 8.667839437070207)	('>500', 5.504267042728581)	('>1k', 22.970792201561434)	('>5k', 21.633252402483173)	('>10k+', 24.571478417632264)
SRR15702538_1	(1.0, 1.3739489132159288)	(2.0, 0.6758686339838172)	(3.0, 0.6972870061875297)	(4.0, 0.4156750753609393)	(5.0, 0.3926701570680628)	(6.0, 0.2617801047120419)	(7.0, 0.29985721085197525)	(8.0, 0.22846263683960016)	(9.0, 0.24274155164207523)	('>10', 5.564017134697763)	('>50', 2.2441694431223227)	('>100', 6.188323020783754)	('>500', 0.9725527526574647)	('>1k', 9.755671902268762)	('>5k', 5.713152467079169)	('>10k+', 64.97382198952879)
SRR15702538_2	(1.0, 2.832778042202126)	(2.0, 0.9344756465175315)	(3.0, 0.8495954307472633)	(4.0, 0.6441377122005394)	(5.0, 0.5156274789782643)	(6.0, 0.34269395525940033)	(7.0, 0.29985721085197525)	(8.0, 0.22211645248294462)	(9.0, 0.34269395525940033)	('>10', 5.19593844201174)	('>50', 1.6904648580041248)	('>100', 7.127558305568776)	('>500', 3.3523718864033)	('>1k', 9.270982072029192)	('>5k', 5.884499444708869)	('>10k+', 60.494209106774555)
SRR15702540_1	(1.0, 1.5985618117033866)	(2.0, 0.8639476458073319)	(3.0, 0.9971611301159474)	(4.0, 0.7294408266996036)	(5.0, 0.6596007475475139)	(6.0, 0.5315606024353494)	(7.0, 0.47077386687704914)	(8.0, 0.4552538492876959)	(9.0, 0.32010036278041115)	('>10', 5.654459741721041)	('>50', 1.8636954455215051)	('>100', 5.9532200803160915)	('>500', 2.3609826757803662)	('>1k', 14.946423605946753)	('>5k', 35.103693117518866)	('>10k+', 27.491124489941086)
SRR15702540_2	(1.0, 3.762957598018611)	(2.0, 1.3256681690905916)	(3.0, 1.3405415192803884)	(4.0, 0.9906944561203836)	(5.0, 0.6337340515652584)	(6.0, 0.5936406727927626)	(7.0, 0.5250939284397855)	(8.0, 0.44490717089479365)	(9.0, 0.41904047491253826)	('>10', 5.970680100104113)	('>50', 2.937163328785106)	('>100', 9.561624169840725)	('>500', 6.639334191245416)	('>1k', 16.28567179042803)	('>5k', 26.445463304858414)	('>10k+', 22.123785073623083)
SRR15702542_1	(1.0, 1.7379466817923992)	(2.0, 0.9086783891094725)	(3.0, 1.097560975609756)	(4.0, 0.8508224617129893)	(5.0, 0.5927396483267159)	(6.0, 0.5104934770277936)	(7.0, 0.4169030062393647)	(8.0, 0.4038570618264323)	(9.0, 0.3624503686897334)	('>10', 4.695972773681225)	('>50', 2.0283607487237663)	('>100', 6.2132728304027225)	('>500', 4.70504821327283)	('>1k', 25.471355643788996)	('>5k', 18.726602382302893)	('>10k+', 31.277935337492913)
SRR15702542_2	(1.0, 4.269994327850255)	(2.0, 1.4509359047078845)	(3.0, 1.505955757231991)	(4.0, 1.1525808281338628)	(5.0, 0.737379466817924)	(6.0, 0.6228020419739081)	(7.0, 0.5638116846284742)	(8.0, 0.4356211003970505)	(9.0, 0.41349971639251276)	('>10', 6.080544526375496)	('>50', 2.8440158820192853)	('>100', 9.750425411230857)	('>500', 7.74872376630743)	('>1k', 24.858763471355644)	('>5k', 19.950085082246172)	('>10k+', 17.614861032331252)
SRR15702544_1	(1.0, 1.0389651154122315)	(2.0, 0.4629829441791665)	(3.0, 0.4602364351882732)	(4.0, 0.37195578905241516)	(5.0, 0.27268910695298365)	(6.0, 0.21658185185330503)	(7.0, 0.20598817431700206)	(8.0, 0.21658185185330503)	(9.0, 0.17656129227171607)	('>10', 3.4755109487619134)	('>50', 2.9721150865738872)	('>100', 4.259443086448332)	('>500', 0.6548462151144314)	('>1k', 11.855109879977558)	('>5k', 0.0)	('>10k+', 73.36043222204349)
SRR15702544_2	(1.0, 1.9370735554343603)	(2.0, 0.5775516049421467)	(3.0, 0.5155589734334108)	(4.0, 0.38608069243415244)	(5.0, 0.3060395732709745)	(6.0, 0.24953995974402537)	(7.0, 0.23619977321682903)	(8.0, 0.19774864734432201)	(9.0, 0.14831148550824147)	('>10', 3.5987114949248435)	('>50', 2.4644032816858856)	('>100', 4.100930281831058)	('>500', 3.1639783575091522)	('>1k', 11.317186476189729)	('>5k', 0.0)	('>10k+', 70.80068584253087)
SRR15702546_1	(1.0, 1.3208713116020392)	(2.0, 0.6923865567462045)	(3.0, 0.7225819136834122)	(4.0, 0.564582952965465)	(5.0, 0.3581309776273472)	(6.0, 0.36655758886563766)	(7.0, 0.2752693004508237)	(8.0, 0.26403381879976967)	(9.0, 0.21487858657640832)	('>10', 4.015280255045433)	('>50', 2.719688777158266)	('>100', 4.69292024212463)	('>500', 4.1746836509697625)	('>1k', 10.55573501116526)	('>5k', 8.758760164599806)	('>10k+', 60.30363889161974)
SRR15702546_2	(1.0, 2.7140710363327387)	(2.0, 0.8932207912587953)	(3.0, 0.9163939721640942)	(4.0, 0.7190708256674578)	(5.0, 0.5126188503293401)	(6.0, 0.3581309776273472)	(7.0, 0.29493139334016827)	(8.0, 0.26403381879976967)	(9.0, 0.19591871129025462)	('>10', 4.504725924469474)	('>50', 2.0715419294130863)	('>100', 7.367667092678679)	('>500', 4.27720742103563)	('>1k', 22.07210370349564)	('>5k', 4.889541171018076)	('>10k+', 47.948822381079445)
SRR15702548_1	(1.0, 1.6309826700590466)	(2.0, 0.693677691901493)	(3.0, 0.6084681484326244)	(4.0, 0.36964139983678174)	(5.0, 0.3000336037636215)	(6.0, 0.16561854927751907)	(7.0, 0.2604291680668235)	(8.0, 0.15361720512697422)	(9.0, 0.1296145168258845)	('>10', 4.804138063463108)	('>50', 1.6069799817579569)	('>100', 4.325284431856368)	('>500', 4.781335509577072)	('>1k', 14.83126110124334)	('>5k', 0.0)	('>10k+', 65.33891795881138)
SRR15702548_2	(1.0, 3.3123709855503813)	(2.0, 1.0129134463059863)	(3.0, 0.7704862944649801)	(4.0, 0.5376602179444098)	(5.0, 0.32403629206471124)	(6.0, 0.3600403245163458)	(7.0, 0.3444385771206375)	(8.0, 0.345638711535692)	(9.0, 0.20522298497431712)	('>10', 4.679324084297441)	('>50', 1.3597522922567327)	('>100', 6.907973693053622)	('>500', 6.881570735922423)	('>1k', 9.841102203446786)	('>5k', 0.0)	('>10k+', 63.11746915654554)
SRR15702552_1	(1.0, 2.898591156367694)	(2.0, 1.7352489887013531)	(3.0, 1.4813781559492258)	(4.0, 0.9262100711396289)	(5.0, 0.6695494490165993)	(6.0, 0.5691170316641093)	(7.0, 0.5858557678895243)	(8.0, 0.5802761891477193)	(9.0, 0.45194587808620446)	('>10', 4.74822150927605)	('>50', 3.6462547077695633)	('>100', 11.516250523085507)	('>500', 6.8266145905984095)	('>1k', 44.15120658390291)	('>5k', 19.213279397405497)	('>10k+', 0.0)
SRR15702552_2	(1.0, 4.354861207978797)	(2.0, 1.8133630910866232)	(3.0, 1.4311619472729808)	(4.0, 0.859255126237969)	(5.0, 0.7671920769981866)	(6.0, 0.5523782954386944)	(7.0, 0.5858557678895243)	(8.0, 0.5579578741804994)	(9.0, 0.45194587808620446)	('>10', 5.197377597991352)	('>50', 3.4788673455154138)	('>100', 8.810154833310085)	('>500', 7.655182033756451)	('>1k', 63.48444692425722)	('>5k', 0.0)	('>10k+', 0.0)
SRR15702554_1	(1.0, 1.6181229773462782)	(2.0, 0.6571687187689866)	(3.0, 0.5319346799092364)	(4.0, 0.32734441840568385)	(5.0, 0.3161849495963992)	(6.0, 0.1711118550756984)	(7.0, 0.18227132388498307)	(8.0, 0.23806866793140646)	(9.0, 0.12275415690213146)	('>10', 3.8338975064786918)	('>50', 2.2554526404543145)	('>100', 4.198440154248658)	('>500', 2.5741174720083326)	('>1k', 15.74601048990068)	('>5k', 7.3987278205557425)	('>10k+', 59.82839216853277)
SRR15702554_2	(1.0, 3.0378553980830514)	(2.0, 0.9398752619375318)	(3.0, 0.7104861808577911)	(4.0, 0.41662016887996134)	(5.0, 0.4711775719475753)	(6.0, 0.32734441840568385)	(7.0, 0.3385038872149686)	(8.0, 0.33726394623615913)	(9.0, 0.18971096975783952)	('>10', 3.9318528438046347)	('>50', 2.111619486912423)	('>100', 3.289563416781361)	('>500', 3.8760554997582117)	('>1k', 28.323971778943324)	('>5k', 0.0)	('>10k+', 51.69809917047948)
SRR15702556_1	(1.0, 1.8582469988488737)	(2.0, 0.8263443512580169)	(3.0, 0.61667488899852)	(4.0, 0.3535602696924848)	(5.0, 0.33917118894918596)	(6.0, 0.2836704489393192)	(7.0, 0.1582798881762868)	(8.0, 0.19733596447952642)	(9.0, 0.1480019733596448)	('>10', 4.867620457161651)	('>50', 2.5098667982239764)	('>100', 2.6023680315737545)	('>500', 2.9353724716329554)	('>1k', 17.449843775694788)	('>5k', 0.0)	('>10k+', 64.85364249301102)
SRR15702556_2	(1.0, 3.9981088636737376)	(2.0, 1.1634599572438742)	(3.0, 0.8448445979279724)	(4.0, 0.5673408978786384)	(5.0, 0.45222825193224797)	(6.0, 0.4440059200789344)	(7.0, 0.4604505837855616)	(8.0, 0.3453379378391712)	(9.0, 0.277503700049334)	('>10', 4.643561914158855)	('>50', 1.167571123170531)	('>100', 4.49555994079921)	('>500', 3.911774379213945)	('>1k', 36.79287946061503)	('>5k', 0.0)	('>10k+', 40.43537247163296)
SRR15702558_1	(1.0, 2.7102454181891416)	(2.0, 1.4961015047328596)	(3.0, 1.48459303161953)	(4.0, 1.0242541070863425)	(5.0, 0.647351612624795)	(6.0, 0.6905083867997813)	(7.0, 0.48335587075984693)	(8.0, 0.4603389245331876)	(9.0, 0.5955634836148114)	('>10', 5.478033201944932)	('>50', 2.5663895042725207)	('>100', 13.628909284460683)	('>500', 12.918261069712575)	('>1k', 13.263515263112465)	('>5k', 42.552579336536525)	('>10k+', 0.0)
SRR15702558_2	(1.0, 4.34732571856029)	(2.0, 1.4961015047328596)	(3.0, 1.614063354144489)	(4.0, 0.8516270103863971)	(5.0, 0.6329660212331328)	(6.0, 0.5696694191098196)	(7.0, 0.6243346663981356)	(8.0, 0.48335587075984693)	(9.0, 0.3366228385648934)	('>10', 5.762867911499842)	('>50', 4.899732428000115)	('>100', 13.715222832810655)	('>500', 10.99922317806485)	('>1k', 10.803579135138246)	('>5k', 42.86330811059643)	('>10k+', 0.0)
SRR15702559_1	(1.0, 2.8280987320690683)	(2.0, 1.37634138294028)	(3.0, 1.2537904378839537)	(4.0, 0.9175609219601866)	(5.0, 0.8091504705642056)	(6.0, 0.6316087168287586)	(7.0, 0.5059154398479111)	(8.0, 0.46506512482913565)	(9.0, 0.41007431615001494)	('>10', 6.026992631231637)	('>50', 2.092793061731111)	('>100', 5.063867896365893)	('>500', 2.411739752070011)	('>1k', 46.02730686442409)	('>5k', 10.353983691297312)	('>10k+', 18.82571055980643)
SRR15702559_2	(1.0, 4.944459283234088)	(2.0, 1.32292174022342)	(3.0, 1.1548069822615363)	(4.0, 0.87356827501689)	(5.0, 0.6206105550929345)	(6.0, 0.5939007337345044)	(7.0, 0.5169136015837352)	(8.0, 0.452495797131051)	(9.0, 0.38179332882932426)	('>10', 4.28771191100916)	('>50', 1.682718745581096)	('>100', 5.679764953572046)	('>500', 1.3386333998460258)	('>1k', 46.90558863732776)	('>5k', 10.889751284428174)	('>10k+', 18.354360771128253)
SRR15702560_1	(1.0, 2.4278316516272085)	(2.0, 1.237773131060808)	(3.0, 1.21251245491671)	(4.0, 0.8644764724869136)	(5.0, 0.6455506125713965)	(6.0, 0.5557348751701587)	(7.0, 0.5992393729738833)	(8.0, 0.3929438511304152)	(9.0, 0.4420618325217172)	('>10', 5.672425165246922)	('>50', 2.1639979230110726)	('>100', 6.459716238404647)	('>500', 1.1774281824943513)	('>1k', 25.39539975019998)	('>5k', 36.10732980619448)	('>10k+', 14.645578679989335)
SRR15702560_2	(1.0, 4.159591338394825)	(2.0, 1.4707326999452686)	(3.0, 1.3051349341117364)	(4.0, 0.9374517591254192)	(5.0, 0.6666011760248116)	(6.0, 0.6904584812720154)	(7.0, 0.5599449878608417)	(8.0, 0.40417081830556995)	(9.0, 0.27786743758507937)	('>10', 4.580602607463127)	('>50', 0.9837629987229325)	('>100', 4.340626184094194)	('>500', 5.5292813337637)	('>1k', 41.12438076259174)	('>5k', 32.96939248073873)	('>10k+', 0.0)
SRR15702561_1	(1.0, 2.7475980964353055)	(2.0, 1.2840082607524468)	(3.0, 1.0236149771033491)	(4.0, 0.6644518272425249)	(5.0, 0.695878602855347)	(6.0, 0.43099577983298915)	(7.0, 0.6285355122564426)	(8.0, 0.3591631498608243)	(9.0, 0.4848702523121128)	('>10', 4.9519619287061145)	('>50', 1.4860375325491604)	('>100', 12.211547095268026)	('>500', 0.0)	('>1k', 12.911915237496633)	('>5k', 60.11942174732873)	('>10k+', 0.0)
SRR15702561_2	(1.0, 4.58381970009877)	(2.0, 1.5174643081619825)	(3.0, 1.4815479931759001)	(4.0, 0.9338241896381432)	(5.0, 0.5162970279249348)	(6.0, 0.5387447247912365)	(7.0, 0.34569453174104336)	(8.0, 0.17958157493041216)	(9.0, 0.3232468348747419)	('>10', 5.450300799138008)	('>50', 3.950794648469067)	('>100', 13.230672532998113)	('>500', 0.0)	('>1k', 43.705665798689054)	('>5k', 23.24234533536859)	('>10k+', 0.0)
SRR15702562_1	(1.0, 1.8031108615963805)	(2.0, 0.8685314223440441)	(3.0, 0.7133185826095572)	(4.0, 0.5283841352663387)	(5.0, 0.41280010567682707)	(6.0, 0.3566592913047786)	(7.0, 0.35831049172748586)	(8.0, 0.3038208777781447)	(9.0, 0.10402562663056042)	('>10', 5.145140517155973)	('>50', 2.3083781909448167)	('>100', 2.980416762986691)	('>500', 3.49063769360325)	('>1k', 17.129553185165616)	('>5k', 11.49565734288828)	('>10k+', 52.00125491232126)
SRR15702562_2	(1.0, 3.6772233413691757)	(2.0, 1.1525378950497012)	(3.0, 0.990720253624385)	(4.0, 0.6208513589379479)	(5.0, 0.4953601268121925)	(6.0, 0.37647369637726624)	(7.0, 0.21960965622007197)	(8.0, 0.2377728608698524)	(9.0, 0.26749446847858394)	('>10', 4.3806347214424886)	('>50', 2.1217925431788913)	('>100', 3.5550345100888343)	('>500', 5.77259667778475)	('>1k', 25.22043525643143)	('>5k', 0.0)	('>10k+', 50.91146263333444)
SRR15702563_1	(1.0, 2.8216412114936578)	(2.0, 1.3931706398700963)	(3.0, 1.2496175840726709)	(4.0, 0.7436518956063352)	(5.0, 0.6000988398089097)	(6.0, 0.4800790718471277)	(7.0, 0.6259854564281176)	(8.0, 0.43301249617584076)	(9.0, 0.36005930388534585)	('>10', 6.9964464735368175)	('>50', 1.6849834090320759)	('>100', 10.192266961617207)	('>500', 3.3252535711764293)	('>1k', 23.283834984585695)	('>5k', 18.838396912432636)	('>10k+', 26.971501188431034)
SRR15702563_2	(1.0, 4.148918645423952)	(2.0, 1.5579036547196008)	(3.0, 1.256677570423364)	(4.0, 0.7248252653378203)	(5.0, 0.5294989763019792)	(6.0, 0.6071588261596028)	(7.0, 0.5765655519732662)	(8.0, 0.33887934483326665)	(9.0, 0.4447791400936625)	('>10', 5.629162450285929)	('>50', 0.7083519638528699)	('>100', 12.787988609888687)	('>500', 4.534864565928506)	('>1k', 18.508930882733626)	('>5k', 19.454969053726494)	('>10k+', 28.19052549831737)
SRR15702564_1	(1.0, 2.9020729092208724)	(2.0, 1.7073419789645665)	(3.0, 1.5868477483917083)	(4.0, 0.9557847442050444)	(5.0, 0.7556417849484326)	(6.0, 0.7352190340038803)	(7.0, 0.5003573981415297)	(8.0, 0.5064842234248954)	(9.0, 0.4043704687021342)	('>10', 6.353517818850199)	('>50', 2.5487593178801187)	('>100', 8.908403962013683)	('>500', 6.435208822628407)	('>1k', 28.436638415194526)	('>5k', 15.284386806902889)	('>10k+', 21.97896456652711)
SRR15702564_2	(1.0, 5.1547023384049835)	(2.0, 1.756356581231492)	(3.0, 1.519452670274686)	(4.0, 1.0374757479832533)	(5.0, 0.7250076585316042)	(6.0, 0.6371898294700297)	(7.0, 0.34310221586847744)	(8.0, 0.5064842234248954)	(9.0, 0.36760951700194017)	('>10', 5.383437148983968)	('>50', 3.4534871847237825)	('>100', 8.975799040130706)	('>500', 8.577555396711938)	('>1k', 38.419279076891655)	('>5k', 0.0)	('>10k+', 23.14306137036659)
SRR15702566_1	(1.0, 1.7557791269876006)	(2.0, 0.7278229714435781)	(3.0, 0.6884304910303948)	(4.0, 0.37016426039054834)	(5.0, 0.32514428277548163)	(6.0, 0.296381519299189)	(7.0, 0.26699347835602044)	(8.0, 0.2100932288703112)	(9.0, 0.21384489367156675)	('>10', 3.462161334092003)	('>50', 2.4848526533649307)	('>100', 6.172739152999143)	('>500', 0.5502441708508151)	('>1k', 21.949740197212513)	('>5k', 6.066441983630236)	('>10k+', 54.45916625502567)
SRR15702566_2	(1.0, 3.8854741791670055)	(2.0, 1.0654728035565781)	(3.0, 0.9435436975157726)	(4.0, 0.6627941148884817)	(5.0, 0.5064747481695002)	(6.0, 0.4577031057531779)	(7.0, 0.3545323237186501)	(8.0, 0.33014650251048905)	(9.0, 0.2476098768828668)	('>10', 5.166042431328902)	('>50', 2.686191997698979)	('>100', 3.9429997061195903)	('>500', 2.9506843661874957)	('>1k', 16.445422656303734)	('>5k', 19.234160158570365)	('>10k+', 41.12074733162841)
SRR15702567_1	(1.0, 2.249242103204355)	(2.0, 1.199595788375656)	(3.0, 1.2126348730319132)	(4.0, 0.7562669100629136)	(5.0, 0.3748736838673925)	(6.0, 0.5085243015940281)	(7.0, 0.6160967500081495)	(8.0, 0.2607816931251426)	(9.0, 0.5574208690549923)	('>10', 6.0370961958470515)	('>50', 1.4017016005476417)	('>100', 8.439547543762428)	('>500', 5.365583336049809)	('>1k', 24.832936727841705)	('>5k', 46.187697623626825)	('>10k+', 0.0)
SRR15702567_2	(1.0, 4.006258760635004)	(2.0, 1.3234670926100989)	(3.0, 1.085503797633406)	(4.0, 0.8475405026567135)	(5.0, 0.5378622420706067)	(6.0, 0.4107311666720996)	(7.0, 0.4107311666720996)	(8.0, 0.5476415555627995)	(9.0, 0.4400691071486782)	('>10', 4.967891254033967)	('>50', 1.68204192065717)	('>100', 11.989438341428432)	('>500', 3.517293086025361)	('>1k', 21.576425334941487)	('>5k', 46.65710467125208)	('>10k+', 0.0)
SRR15702568_1	(1.0, 1.7293760224351484)	(2.0, 0.7310598570238673)	(3.0, 0.6130116669962428)	(4.0, 0.40747598588215556)	(5.0, 0.3745183693769812)	(6.0, 0.30920236575763566)	(7.0, 0.2726493729064423)	(8.0, 0.306805448193623)	(9.0, 0.24268790335628382)	('>10', 4.261719428814544)	('>50', 2.3393915424763754)	('>100', 4.840575020523607)	('>500', 1.8827787465319596)	('>1k', 14.76201604736309)	('>5k', 7.758222925318041)	('>10k+', 59.168509297044004)
SRR15702568_2	(1.0, 3.306547779555492)	(2.0, 1.0402622227815028)	(3.0, 0.8503065058334982)	(4.0, 0.5632756275429797)	(5.0, 0.44342974934234575)	(6.0, 0.38110989267801604)	(7.0, 0.34395767043581954)	(8.0, 0.27804243742547086)	(9.0, 0.24268790335628382)	('>10', 4.849563461388654)	('>50', 1.9421024562412736)	('>100', 4.286287833845674)	('>500', 5.467968192903926)	('>1k', 17.72939999161079)	('>5k', 8.864400381109892)	('>10k+', 49.41065789394838)
SRR15702628_1	(1.0, 2.2461628052077702)	(2.0, 1.1417994259806166)	(3.0, 0.8485503930784909)	(4.0, 0.5449024583004035)	(5.0, 0.3951582712865521)	(6.0, 0.3681211264090512)	(7.0, 0.44403311010357305)	(8.0, 0.25789276652385507)	(9.0, 0.2994883740277027)	('>10', 4.772056070878915)	('>50', 2.120336092508631)	('>100', 5.6476436088349065)	('>500', 6.13015265587954)	('>1k', 20.980824424940725)	('>5k', 5.281602262801048)	('>10k+', 48.52127615323822)
SRR15702628_2	(1.0, 5.935693190799052)	(2.0, 1.6908614450314046)	(3.0, 1.297782954120045)	(4.0, 0.9359011688365708)	(5.0, 0.6291335634956948)	(6.0, 0.5303439956740568)	(7.0, 0.4804292666694397)	(8.0, 0.4908281685454016)	(9.0, 0.3556424441578969)	('>10', 5.564452393827212)	('>50', 2.4686993053533546)	('>100', 7.174202404226114)	('>500', 6.257019258766275)	('>1k', 30.899297034233186)	('>5k', 18.605715236471028)	('>10k+', 16.68399816979327)
SRR15702629_1	(1.0, 2.3822431340459262)	(2.0, 0.9758093387204009)	(3.0, 0.8162430317598323)	(4.0, 0.4418759269677287)	(5.0, 0.4858589474760906)	(6.0, 0.4050529330537514)	(7.0, 0.38664143609676266)	(8.0, 0.30276683884825856)	(9.0, 0.35902419066127955)	('>10', 5.390477164629469)	('>50', 2.487597811077584)	('>100', 7.153889428732165)	('>500', 4.914846826573927)	('>1k', 13.92625172607784)	('>5k', 0.0)	('>10k+', 59.57142126527899)
SRR15702629_2	(1.0, 5.691198281593617)	(2.0, 1.6774919449700814)	(3.0, 1.116964148723981)	(4.0, 0.777374315961745)	(5.0, 0.5676878228404849)	(6.0, 0.3927786017490922)	(7.0, 0.40812151587991613)	(8.0, 0.42551015189484986)	(9.0, 0.35902419066127955)	('>10', 5.610392267171278)	('>50', 2.5776095739784175)	('>100', 8.371093949777528)	('>500', 7.339027259244106)	('>1k', 17.022451797678105)	('>5k', 8.287219352529023)	('>10k+', 39.37605482534649)
SRR15702630_1	(1.0, 2.6667040547361336)	(2.0, 1.4805675508945095)	(3.0, 1.1833323986315967)	(4.0, 0.8823584394219806)	(5.0, 0.766455424074178)	(6.0, 0.572037462845606)	(7.0, 0.5038042360682706)	(8.0, 0.35892546688351745)	(9.0, 0.33649262520329765)	('>10', 5.493242106443834)	('>50', 2.421812199727067)	('>100', 7.375731404108948)	('>500', 10.150860860299478)	('>1k', 32.81363916774158)	('>5k', 32.994036602920005)	('>10k+', 0.0)
SRR15702630_2	(1.0, 6.220440057577627)	(2.0, 2.0058699269063243)	(3.0, 1.5843194436655261)	(4.0, 0.9496569644626399)	(5.0, 0.7384143719739031)	(6.0, 0.5103471482250014)	(7.0, 0.47108967528461665)	(8.0, 0.5458658142186829)	(9.0, 0.3280803095732152)	('>10', 6.192399005477353)	('>50', 3.0340418372497338)	('>100', 10.785523339502365)	('>500', 12.517525657562672)	('>1k', 34.403566821827155)	('>5k', 19.712859626493188)	('>10k+', 0.0)
SRR15702631_1	(1.0, 2.046861456349775)	(2.0, 0.9132046110690227)	(3.0, 0.7350682855914331)	(4.0, 0.5569319601138435)	(5.0, 0.40609622091634423)	(6.0, 0.5364565204037757)	(7.0, 0.3869858105202809)	(8.0, 0.3057665663370121)	(9.0, 0.41155633817236226)	('>10', 5.909894414982562)	('>50', 2.0557341468908046)	('>100', 4.288239589945194)	('>500', 1.6127821344963384)	('>1k', 10.849935502364913)	('>5k', 22.1148399161872)	('>10k+', 46.869646525659135)
SRR15702631_2	(1.0, 5.170048526792113)	(2.0, 1.4032501347966448)	(3.0, 0.9705358422572126)	(4.0, 0.6879747742582771)	(5.0, 0.49482312632663783)	(6.0, 0.49960072892565366)	(7.0, 0.4013186183173284)	(8.0, 0.39312844243330125)	(9.0, 0.37470054669424024)	('>10', 5.219872096753278)	('>50', 2.1273981858760416)	('>100', 6.29005507893282)	('>500', 1.9758799320215403)	('>1k', 17.19868684179993)	('>5k', 17.554959492755106)	('>10k+', 39.237767631059874)
SRR15702632_1	(1.0, 3.1497084897372414)	(2.0, 1.429598274898171)	(3.0, 1.084178579985624)	(4.0, 0.7267790112610814)	(5.0, 0.603985304688124)	(6.0, 0.4911748262918297)	(7.0, 0.3983308042488619)	(8.0, 0.4232888746905199)	(9.0, 0.3593962143598754)	('>10', 5.596597715837393)	('>50', 1.8069642999760402)	('>100', 7.81686766232729)	('>500', 6.823536458749301)	('>1k', 24.44992412746586)	('>5k', 18.36814152224263)	('>10k+', 26.471527833240156)
SRR15702632_2	(1.0, 8.433831163645076)	(2.0, 2.3620317865985148)	(3.0, 1.317786119319543)	(4.0, 1.0222825652903123)	(5.0, 0.7836834118680617)	(6.0, 0.5390943215398131)	(7.0, 0.4612251417618401)	(8.0, 0.5351010302691478)	(9.0, 0.39533583579586296)	('>10', 6.540012778532065)	('>50', 3.0009583899049597)	('>100', 8.64747224662567)	('>500', 10.080065489976839)	('>1k', 22.917498602348054)	('>5k', 10.617163165881319)	('>10k+', 22.34645795064292)
SRR15702633_1	(1.0, 3.2015304328255336)	(2.0, 1.454473843383832)	(3.0, 1.012786428661856)	(4.0, 0.6526845873598628)	(5.0, 0.45716054071542106)	(6.0, 0.506393214330928)	(7.0, 0.4627871319857647)	(8.0, 0.43887411908680424)	(9.0, 0.36713508038992276)	('>10', 5.034392539139976)	('>50', 3.647437791000267)	('>100', 10.35855452870265)	('>500', 3.938613889240551)	('>1k', 23.40943298026473)	('>5k', 11.526072217298955)	('>10k+', 33.53167067561294)
SRR15702633_2	(1.0, 8.162777285451043)	(2.0, 2.2562630994078012)	(3.0, 1.2533232054690469)	(4.0, 0.9677736984991068)	(5.0, 0.7947560169360397)	(6.0, 0.5232729881419589)	(7.0, 0.5710990139398799)	(8.0, 0.506393214330928)	(9.0, 0.39245474110646916)	('>10', 7.308942060176394)	('>50', 3.1565177026627844)	('>100', 13.316734889085819)	('>500', 5.3157221026571575)	('>1k', 27.594210237582818)	('>5k', 13.02696543866312)	('>10k+', 14.852794305889635)
SRR15702634_1	(1.0, 2.579463169220926)	(2.0, 1.14345537557798)	(3.0, 0.7747113734841655)	(4.0, 0.579288684677349)	(5.0, 0.5205455550062523)	(6.0, 0.4082938319713845)	(7.0, 0.31349056329426817)	(8.0, 0.2791752697240236)	(9.0, 0.23031959752231948)	('>10', 4.651757931776544)	('>50', 2.5905138569808357)	('>100', 6.194782912147033)	('>500', 3.1785267688370604)	('>1k', 28.447378369732746)	('>5k', 4.149242446273301)	('>10k+', 43.95905429377381)
SRR15702634_2	(1.0, 7.9844127141070755)	(2.0, 2.139180504260331)	(3.0, 1.3016546950882601)	(4.0, 0.9608282199668479)	(5.0, 0.7212027801203944)	(6.0, 0.5513711577049466)	(7.0, 0.48448541600023265)	(8.0, 0.48855672201704137)	(9.0, 0.38735568674208276)	('>10', 6.327972780411202)	('>50', 3.077325733562102)	('>100', 9.827551109430889)	('>500', 4.288830081135313)	('>1k', 27.34463605432286)	('>5k', 16.295111524704105)	('>10k+', 17.819524820426324)
SRR15702635_1	(1.0, 3.1376632147681223)	(2.0, 1.3816974335884735)	(3.0, 0.8906461053579469)	(4.0, 0.7597928860873481)	(5.0, 0.5628095452498875)	(6.0, 0.65004502476362)	(7.0, 0.3545700135074291)	(8.0, 0.3264295362449347)	(9.0, 0.41788608734804145)	('>10', 6.102262494371905)	('>50', 3.2009792886087345)	('>100', 5.2073953174245835)	('>500', 3.6273075191355244)	('>1k', 19.59702836560108)	('>5k', 32.09702836560108)	('>10k+', 21.68645880234129)
SRR15702635_2	(1.0, 8.774200810445745)	(2.0, 2.321589374155786)	(3.0, 1.3971746960828455)	(4.0, 1.0355695632597928)	(5.0, 0.8371791985592075)	(6.0, 0.7766771724448447)	(7.0, 0.5023075191355245)	(8.0, 0.5177847816298964)	(9.0, 0.39255965781179647)	('>10', 6.3695970283656)	('>50', 3.8327330031517337)	('>100', 8.79952723998199)	('>500', 8.124155785682124)	('>1k', 22.85569563259793)	('>5k', 17.92689104007204)	('>10k+', 15.536357496623143)
SRR15702636_1	(1.0, 1.395475509612026)	(2.0, 0.7069146196337542)	(3.0, 0.7317809630379567)	(4.0, 0.5589006707992161)	(5.0, 0.3404320823194378)	(6.0, 0.3197101294826024)	(7.0, 0.3356956359567326)	(8.0, 0.3126054599385446)	(9.0, 0.23978259711195182)	('>10', 5.548154858113829)	('>50', 1.8211636264601576)	('>100', 6.067979846420727)	('>500', 3.0727695778050124)	('>1k', 10.925205591374931)	('>5k', 5.485396943807984)	('>10k+', 62.138031888125134)
SRR15702636_2	(1.0, 3.2267040845929325)	(2.0, 0.9330799334529285)	(3.0, 0.9147262037974458)	(4.0, 0.6441567053279101)	(5.0, 0.4262801726434699)	(6.0, 0.3516811424308627)	(7.0, 0.3439844170914667)	(8.0, 0.2605045499487872)	(9.0, 0.2451110992699952)	('>10', 5.700313197515734)	('>50', 2.20185550286259)	('>100', 7.6535052663363)	('>500', 4.9383373889155315)	('>1k', 8.350354937449305)	('>5k', 5.460530600403782)	('>10k+', 58.34887479796096)
SRR15702638_1	(1.0, 1.6235274824391177)	(2.0, 0.8964932899663816)	(3.0, 0.8418290649684314)	(4.0, 0.7106349249733512)	(5.0, 0.48742267289838836)	(6.0, 0.45917948998278074)	(7.0, 0.4145370395677882)	(8.0, 0.3644281666530006)	(9.0, 0.27058791373985297)	('>10', 5.238654895636883)	('>50', 2.223922886999936)	('>100', 6.163391368518873)	('>500', 5.176702107305873)	('>1k', 27.127121655232735)	('>5k', 0.0)	('>10k+', 48.00156704111661)
SRR15702638_2	(1.0, 3.436557611537796)	(2.0, 1.155237288290012)	(3.0, 1.0222210074616667)	(4.0, 0.7507220233051812)	(5.0, 0.6286385874764261)	(6.0, 0.39358241998524063)	(7.0, 0.4017820537349332)	(8.0, 0.37900529331912064)	(9.0, 0.41818132123431817)	('>10', 5.7780085822833245)	('>50', 1.836717959931123)	('>100', 7.943622962618781)	('>500', 6.789296744745402)	('>1k', 25.47535098987801)	('>5k', 0.0)	('>10k+', 43.59107515419866)
SRR15702639_1	(1.0, 0.8789623460591712)	(2.0, 0.3993970748966822)	(3.0, 0.3698911608442709)	(4.0, 0.30284367955070657)	(5.0, 0.1927301194487291)	(6.0, 0.15857859339657643)	(7.0, 0.1494129264781678)	(8.0, 0.15317963891039052)	(9.0, 0.12486651712818311)	('>10', 3.125555197717875)	('>50', 1.6847249138521476)	('>100', 5.25820499830184)	('>500', 2.3285188470595473)	('>1k', 5.304598339758717)	('>5k', 1.9138665868123632)	('>10k+', 77.65466905978464)
SRR15702639_2	(1.0, 2.186451009824214)	(2.0, 0.5635001798605186)	(3.0, 0.5324248022946813)	(4.0, 0.3864646955460509)	(5.0, 0.27183108052540617)	(6.0, 0.2312761433384749)	(7.0, 0.20873864728567565)	(8.0, 0.1938601331783959)	(9.0, 0.17289210063902274)	('>10', 3.399583527162077)	('>50', 2.1126862246931855)	('>100', 5.727035139032495)	('>500', 2.271767046414058)	('>1k', 6.697089147410919)	('>5k', 4.22964139014289)	('>10k+', 70.81475873265194)
SRR15702640_1	(1.0, 2.0163345132012065)	(2.0, 1.1927224647761236)	(3.0, 1.1155949150908315)	(4.0, 0.7933119396201468)	(5.0, 0.6404341179225144)	(6.0, 0.421446967923203)	(7.0, 0.4820471855330753)	(8.0, 0.40767419119368653)	(9.0, 0.32228297547068463)	('>10', 5.973253267591279)	('>50', 2.023220901565965)	('>100', 5.591747352183674)	('>500', 11.226190312228848)	('>1k', 21.1990579420717)	('>5k', 0.0)	('>10k+', 46.59468095362706)
SRR15702640_2	(1.0, 4.462379660363326)	(2.0, 1.3497321194926108)	(3.0, 1.446141556599226)	(4.0, 1.0963130276695086)	(5.0, 0.881457710689052)	(6.0, 0.6776206150922087)	(7.0, 0.6073794537716749)	(8.0, 0.4627652981117524)	(9.0, 0.44623796603633253)	('>10', 6.153676642747945)	('>50', 2.4680815899293456)	('>100', 9.293869737077692)	('>500', 6.956629526078753)	('>1k', 25.292327186083984)	('>5k', 22.70717699395375)	('>10k+', 15.698210916302834)
SRR15702641_1	(1.0, 1.5145304608202086)	(2.0, 0.7878337351239066)	(3.0, 0.852444438268989)	(4.0, 0.653054418885778)	(5.0, 0.46200126442451317)	(6.0, 0.4793697330119009)	(7.0, 0.38905369635748477)	(8.0, 0.25010594765838307)	(9.0, 0.3438956780302767)	('>10', 5.527341443250266)	('>50', 2.1001952215869224)	('>100', 4.3108539033896305)	('>500', 4.482454373033021)	('>1k', 17.59009024656278)	('>5k', 20.344034625778974)	('>10k+', 39.91274081381697)
SRR15702641_2	(1.0, 3.248598364584998)	(2.0, 1.1018556471838765)	(3.0, 1.0337712503213166)	(4.0, 0.7586547078970953)	(5.0, 0.5592646885138843)	(6.0, 0.483538165472874)	(7.0, 0.44741175081110746)	(8.0, 0.4001695162534129)	(9.0, 0.3751589214875746)	('>10', 5.923342527042705)	('>50', 1.874405129950882)	('>100', 5.975447932804869)	('>500', 3.493146402295417)	('>1k', 21.726564725335038)	('>5k', 21.398648038405156)	('>10k+', 31.20002223163979)
SRR15702642_1	(1.0, 1.7606196103481315)	(2.0, 0.9568295539231343)	(3.0, 1.1398115618013416)	(4.0, 0.8969445331629936)	(5.0, 0.7152933035239009)	(6.0, 0.5589268604279783)	(7.0, 0.4331683168316832)	(8.0, 0.43649526242946873)	(9.0, 0.3652986266368572)	('>10', 6.027094644948366)	('>50', 1.5709837112743534)	('>100', 5.528052805280528)	('>500', 4.957148940700522)	('>1k', 29.109443202384753)	('>5k', 19.607021185989566)	('>10k+', 25.936867880336422)
SRR15702642_2	(1.0, 4.196609177046737)	(2.0, 1.421271159374002)	(3.0, 1.3374321303098051)	(4.0, 1.0380070265091026)	(5.0, 0.7818322154796125)	(6.0, 0.6228042159054615)	(7.0, 0.5496114127541786)	(8.0, 0.5163419567763228)	(9.0, 0.3952411370169275)	('>10', 6.426993505802193)	('>50', 2.620302352815927)	('>100', 8.323352496539977)	('>500', 5.052964973916747)	('>1k', 28.424757798360485)	('>5k', 13.54798786330246)	('>10k+', 24.744490578090065)
