.	Basic Statistics	Per Base Sequence Quality	Per Sequence Quality Scores	Per Base Sequence Content	Per Sequence GC Content	Per Base N Content	Sequence Length Distribution	Sequence Duplication Levels	Overrepresented Sequences	Adapter Content
SRR15702528_1	1	1	1	0.25	0.5	1	0.5	0.25	0.25	1
SRR15702528_2	1	1	1	0.25	0.25	1	0.5	0.25	0.25	1
SRR15702529_1	1	1	1	0.25	0.25	1	0.5	0.25	0.25	1
SRR15702529_2	1	1	1	0.25	0.25	1	0.5	0.25	0.25	1
SRR15702530_1	1	1	1	0.25	0.25	1	0.5	0.25	0.25	1
SRR15702530_2	1	1	1	0.25	0.25	1	0.5	0.25	0.25	1
SRR15702531_1	1	1	1	0.25	0.25	1	0.5	0.25	0.25	1
SRR15702531_2	1	1	1	0.25	0.25	1	0.5	0.25	0.25	1
SRR15702532_1	1	1	1	0.25	0.25	1	0.5	0.25	0.25	1
SRR15702532_2	1	1	1	0.25	0.5	1	0.5	0.25	0.25	1
SRR15702534_1	1	1	1	0.25	0.25	1	0.5	0.25	0.25	1
SRR15702534_2	1	1	1	0.25	0.25	1	0.5	0.25	0.25	1
SRR15702535_1	1	1	1	0.25	0.25	1	0.5	0.25	0.25	1
SRR15702535_2	1	1	1	0.25	0.25	1	0.5	0.25	0.25	1
SRR15702536_1	1	1	1	0.25	0.25	1	0.5	0.25	0.25	1
SRR15702536_2	1	1	1	0.25	0.25	1	0.5	0.25	0.25	1
SRR15702537_1	1	1	1	0.25	0.25	1	0.5	0.25	0.25	1
SRR15702537_2	1	1	1	0.25	0.25	1	0.5	0.25	0.25	1
SRR15702538_1	1	1	1	0.25	0.25	1	0.5	0.25	0.25	1
SRR15702538_2	1	1	1	0.25	0.25	1	0.5	0.25	0.25	1
SRR15702540_1	1	1	1	0.25	0.25	1	0.5	0.25	0.25	1
SRR15702540_2	1	1	1	0.25	0.25	1	0.5	0.25	0.25	1
SRR15702542_1	1	1	1	0.25	0.25	1	0.5	0.25	0.25	1
SRR15702542_2	1	1	1	0.25	0.25	1	0.5	0.25	0.25	1
SRR15702544_1	1	1	1	0.25	0.25	1	0.5	0.25	0.25	1
SRR15702544_2	1	1	1	0.25	0.25	1	0.5	0.25	0.25	1
SRR15702546_1	1	1	1	0.25	0.25	1	0.5	0.25	0.25	1
SRR15702546_2	1	1	1	0.25	0.25	1	0.5	0.25	0.25	1
SRR15702548_1	1	1	1	0.25	0.25	1	1	0.25	0.25	1
SRR15702548_2	1	1	1	0.25	0.25	1	1	0.25	0.25	1
SRR15702552_1	1	1	1	0.25	0.25	1	1	0.25	0.25	1
SRR15702552_2	1	1	1	0.25	0.25	1	1	0.25	0.25	1
SRR15702554_1	1	1	1	0.25	0.25	1	1	0.25	0.25	1
SRR15702554_2	1	1	1	0.25	0.25	1	1	0.25	0.25	1
SRR15702556_1	1	1	1	0.25	0.25	1	1	0.25	0.25	1
SRR15702556_2	1	1	1	0.25	0.25	1	1	0.25	0.25	1
SRR15702558_1	1	1	1	0.25	0.25	1	1	0.25	0.25	1
SRR15702558_2	1	1	1	0.25	0.25	1	1	0.25	0.25	1
SRR15702559_1	1	1	1	0.25	0.25	1	1	0.25	0.25	1
SRR15702559_2	1	1	1	0.25	0.25	1	1	0.25	0.25	1
SRR15702560_1	1	1	1	0.25	0.25	1	1	0.25	0.25	1
SRR15702560_2	1	1	1	0.25	0.25	1	1	0.25	0.25	1
SRR15702561_1	1	1	1	0.25	0.25	1	1	0.25	0.25	1
SRR15702561_2	1	1	1	0.25	0.5	1	1	0.25	0.25	1
SRR15702562_1	1	1	1	0.25	0.25	1	1	0.25	0.25	1
SRR15702562_2	1	1	1	0.25	0.25	1	1	0.25	0.25	1
SRR15702563_1	1	1	1	0.25	0.25	1	1	0.25	0.25	1
SRR15702563_2	1	1	1	0.25	0.25	1	1	0.25	0.25	1
SRR15702564_1	1	1	1	0.25	0.25	1	1	0.25	0.25	1
SRR15702564_2	1	1	1	0.25	0.25	1	1	0.25	0.25	1
SRR15702566_1	1	1	1	0.25	0.25	1	1	0.25	0.25	1
SRR15702566_2	1	1	1	0.25	0.25	1	1	0.25	0.25	1
SRR15702567_1	1	1	1	0.25	0.25	1	1	0.25	0.25	1
SRR15702567_2	1	1	1	0.25	0.25	1	1	0.25	0.25	1
SRR15702568_1	1	1	1	0.25	0.25	1	1	0.25	0.25	1
SRR15702568_2	1	1	1	0.25	0.25	1	1	0.25	0.25	1
SRR15702628_1	1	1	1	0.25	0.25	1	1	0.25	0.25	1
SRR15702628_2	1	1	1	0.25	0.25	1	1	0.25	0.25	1
SRR15702629_1	1	1	1	0.25	0.25	1	1	0.25	0.25	1
SRR15702629_2	1	1	1	0.25	0.25	1	1	0.25	0.25	1
SRR15702630_1	1	1	1	0.25	0.25	1	1	0.25	0.25	1
SRR15702630_2	1	1	1	0.25	0.25	1	1	0.25	0.25	1
SRR15702631_1	1	1	1	0.25	0.25	1	1	0.25	0.25	1
SRR15702631_2	1	1	1	0.25	0.25	1	1	0.25	0.25	1
SRR15702632_1	1	1	1	0.25	0.25	1	1	0.25	0.25	1
SRR15702632_2	1	1	1	0.25	0.25	1	1	0.25	0.25	1
SRR15702633_1	1	1	1	0.25	0.25	1	1	0.25	0.25	1
SRR15702633_2	1	1	1	0.25	0.25	1	1	0.25	0.25	1
SRR15702634_1	1	1	1	0.25	0.25	1	1	0.25	0.25	1
SRR15702634_2	1	1	1	0.25	0.25	1	1	0.25	0.25	1
SRR15702635_1	1	1	1	0.25	0.25	1	1	0.25	0.25	1
SRR15702635_2	1	1	1	0.25	0.25	1	1	0.25	0.25	1
SRR15702636_1	1	1	1	0.25	0.25	1	0.5	0.25	0.25	1
SRR15702636_2	1	1	1	0.25	0.25	1	0.5	0.25	0.25	1
SRR15702638_1	1	1	1	0.25	0.25	1	0.5	0.25	0.25	1
SRR15702638_2	1	1	1	0.25	0.25	1	0.5	0.25	0.25	1
SRR15702639_1	1	1	1	0.25	0.25	1	0.5	0.25	0.25	1
SRR15702639_2	1	1	1	0.25	0.25	1	0.5	0.25	0.25	1
SRR15702640_1	1	1	1	0.25	0.25	1	0.5	0.25	0.25	1
SRR15702640_2	1	1	1	0.25	0.25	1	0.5	0.25	0.25	1
SRR15702641_1	1	1	1	0.25	0.25	1	0.5	0.25	0.25	1
SRR15702641_2	1	1	1	0.25	0.25	1	0.5	0.25	0.25	1
SRR15702642_1	1	1	1	0.25	0.25	1	0.5	0.25	0.25	1
SRR15702642_2	1	1	1	0.25	0.25	1	0.5	0.25	0.25	1
