Sample	0	1	2	3	4	5	6	7	8	9	10	11	12	13	14	15	16	17	18	19	20	21	22	23	24	25
SRR15702528_1	(14.0, 1.0)	(15.0, 0.0)	(16.0, 0.0)	(17.0, 1.0)	(18.0, 0.0)	(19.0, 0.0)	(20.0, 0.0)	(21.0, 4.0)	(22.0, 5.0)	(23.0, 28.0)	(24.0, 51.0)	(25.0, 52.0)	(26.0, 108.0)	(27.0, 194.0)	(28.0, 347.0)	(29.0, 595.0)	(30.0, 1011.0)	(31.0, 1665.0)	(32.0, 2675.0)	(33.0, 4278.0)	(34.0, 6819.0)	(35.0, 11461.0)	(36.0, 22759.0)	(37.0, 59717.0)	(38.0, 11377.0)	
SRR15702528_2	(14.0, 3.0)	(15.0, 3.0)	(16.0, 5.0)	(17.0, 30.0)	(18.0, 82.0)	(19.0, 118.0)	(20.0, 149.0)	(21.0, 146.0)	(22.0, 179.0)	(23.0, 188.0)	(24.0, 169.0)	(25.0, 231.0)	(26.0, 275.0)	(27.0, 336.0)	(28.0, 484.0)	(29.0, 721.0)	(30.0, 1240.0)	(31.0, 2244.0)	(32.0, 3976.0)	(33.0, 7054.0)	(34.0, 11823.0)	(35.0, 19912.0)	(36.0, 34393.0)	(37.0, 38681.0)	(38.0, 706.0)	
SRR15702529_1	(18.0, 1.0)	(19.0, 0.0)	(20.0, 1.0)	(21.0, 5.0)	(22.0, 9.0)	(23.0, 23.0)	(24.0, 54.0)	(25.0, 102.0)	(26.0, 202.0)	(27.0, 429.0)	(28.0, 751.0)	(29.0, 1270.0)	(30.0, 1853.0)	(31.0, 2731.0)	(32.0, 4000.0)	(33.0, 6003.0)	(34.0, 9150.0)	(35.0, 15123.0)	(36.0, 29840.0)	(37.0, 65973.0)	(38.0, 11030.0)					
SRR15702529_2	(14.0, 1.0)	(15.0, 9.0)	(16.0, 28.0)	(17.0, 100.0)	(18.0, 151.0)	(19.0, 181.0)	(20.0, 234.0)	(21.0, 253.0)	(22.0, 266.0)	(23.0, 272.0)	(24.0, 303.0)	(25.0, 302.0)	(26.0, 441.0)	(27.0, 556.0)	(28.0, 887.0)	(29.0, 1468.0)	(30.0, 2656.0)	(31.0, 4231.0)	(32.0, 6533.0)	(33.0, 10016.0)	(34.0, 15717.0)	(35.0, 25001.0)	(36.0, 40659.0)	(37.0, 37642.0)	(38.0, 643.0)	
SRR15702530_1	(17.0, 1.0)	(18.0, 0.0)	(19.0, 0.0)	(20.0, 2.0)	(21.0, 3.0)	(22.0, 14.0)	(23.0, 18.0)	(24.0, 49.0)	(25.0, 91.0)	(26.0, 155.0)	(27.0, 394.0)	(28.0, 634.0)	(29.0, 1074.0)	(30.0, 1783.0)	(31.0, 2831.0)	(32.0, 4496.0)	(33.0, 6933.0)	(34.0, 10642.0)	(35.0, 17940.0)	(36.0, 35068.0)	(37.0, 89491.0)	(38.0, 22999.0)				
SRR15702530_2	(15.0, 1.0)	(16.0, 20.0)	(17.0, 31.0)	(18.0, 112.0)	(19.0, 209.0)	(20.0, 367.0)	(21.0, 353.0)	(22.0, 358.0)	(23.0, 370.0)	(24.0, 388.0)	(25.0, 476.0)	(26.0, 580.0)	(27.0, 869.0)	(28.0, 1330.0)	(29.0, 2378.0)	(30.0, 3902.0)	(31.0, 6493.0)	(32.0, 10105.0)	(33.0, 15959.0)	(34.0, 23914.0)	(35.0, 35131.0)	(36.0, 50829.0)	(37.0, 40000.0)	(38.0, 443.0)		
SRR15702531_1	(15.0, 1.0)	(16.0, 1.0)	(17.0, 0.0)	(18.0, 0.0)	(19.0, 0.0)	(20.0, 1.0)	(21.0, 4.0)	(22.0, 12.0)	(23.0, 14.0)	(24.0, 47.0)	(25.0, 79.0)	(26.0, 188.0)	(27.0, 399.0)	(28.0, 804.0)	(29.0, 1284.0)	(30.0, 1890.0)	(31.0, 2756.0)	(32.0, 3944.0)	(33.0, 5751.0)	(34.0, 8532.0)	(35.0, 14225.0)	(36.0, 28270.0)	(37.0, 56591.0)	(38.0, 7225.0)		
SRR15702531_2	(14.0, 1.0)	(15.0, 4.0)	(16.0, 28.0)	(17.0, 91.0)	(18.0, 246.0)	(19.0, 311.0)	(20.0, 294.0)	(21.0, 304.0)	(22.0, 276.0)	(23.0, 314.0)	(24.0, 338.0)	(25.0, 443.0)	(26.0, 540.0)	(27.0, 741.0)	(28.0, 1275.0)	(29.0, 2195.0)	(30.0, 3755.0)	(31.0, 5739.0)	(32.0, 8023.0)	(33.0, 11283.0)	(34.0, 16196.0)	(35.0, 23759.0)	(36.0, 33317.0)	(37.0, 22321.0)	(38.0, 224.0)	
SRR15702532_1	(19.0, 1.0)	(20.0, 0.0)	(21.0, 1.0)	(22.0, 3.0)	(23.0, 25.0)	(24.0, 29.0)	(25.0, 57.0)	(26.0, 118.0)	(27.0, 217.0)	(28.0, 419.0)	(29.0, 771.0)	(30.0, 1267.0)	(31.0, 1889.0)	(32.0, 2767.0)	(33.0, 4376.0)	(34.0, 6704.0)	(35.0, 11076.0)	(36.0, 22377.0)	(37.0, 50139.0)	(38.0, 8012.0)						
SRR15702532_2	(15.0, 1.0)	(16.0, 3.0)	(17.0, 21.0)	(18.0, 53.0)	(19.0, 105.0)	(20.0, 104.0)	(21.0, 120.0)	(22.0, 119.0)	(23.0, 150.0)	(24.0, 160.0)	(25.0, 209.0)	(26.0, 292.0)	(27.0, 365.0)	(28.0, 587.0)	(29.0, 1031.0)	(30.0, 1768.0)	(31.0, 3017.0)	(32.0, 4775.0)	(33.0, 7429.0)	(34.0, 11738.0)	(35.0, 18859.0)	(36.0, 30414.0)	(37.0, 28441.0)	(38.0, 487.0)		
SRR15702534_1	(19.0, 1.0)	(20.0, 0.0)	(21.0, 0.0)	(22.0, 6.0)	(23.0, 16.0)	(24.0, 37.0)	(25.0, 52.0)	(26.0, 83.0)	(27.0, 195.0)	(28.0, 338.0)	(29.0, 559.0)	(30.0, 948.0)	(31.0, 1485.0)	(32.0, 2383.0)	(33.0, 3732.0)	(34.0, 5956.0)	(35.0, 9803.0)	(36.0, 19561.0)	(37.0, 50623.0)	(38.0, 11718.0)						
SRR15702534_2	(15.0, 1.0)	(16.0, 1.0)	(17.0, 16.0)	(18.0, 46.0)	(19.0, 98.0)	(20.0, 150.0)	(21.0, 160.0)	(22.0, 159.0)	(23.0, 164.0)	(24.0, 175.0)	(25.0, 215.0)	(26.0, 327.0)	(27.0, 459.0)	(28.0, 684.0)	(29.0, 1152.0)	(30.0, 1921.0)	(31.0, 3293.0)	(32.0, 5202.0)	(33.0, 8257.0)	(34.0, 12675.0)	(35.0, 19069.0)	(36.0, 29469.0)	(37.0, 23600.0)	(38.0, 203.0)		
SRR15702535_1	(22.0, 3.0)	(23.0, 11.0)	(24.0, 22.0)	(25.0, 41.0)	(26.0, 89.0)	(27.0, 187.0)	(28.0, 323.0)	(29.0, 553.0)	(30.0, 911.0)	(31.0, 1271.0)	(32.0, 1944.0)	(33.0, 2883.0)	(34.0, 4571.0)	(35.0, 7504.0)	(36.0, 15283.0)	(37.0, 33364.0)	(38.0, 5096.0)									
SRR15702535_2	(15.0, 1.0)	(16.0, 11.0)	(17.0, 21.0)	(18.0, 39.0)	(19.0, 86.0)	(20.0, 105.0)	(21.0, 131.0)	(22.0, 131.0)	(23.0, 131.0)	(24.0, 170.0)	(25.0, 207.0)	(26.0, 248.0)	(27.0, 380.0)	(28.0, 615.0)	(29.0, 1056.0)	(30.0, 1839.0)	(31.0, 2879.0)	(32.0, 4239.0)	(33.0, 6074.0)	(34.0, 8989.0)	(35.0, 13186.0)	(36.0, 19300.0)	(37.0, 14079.0)	(38.0, 139.0)		
SRR15702536_1	(17.0, 1.0)	(18.0, 0.0)	(19.0, 0.0)	(20.0, 0.0)	(21.0, 5.0)	(22.0, 9.0)	(23.0, 27.0)	(24.0, 73.0)	(25.0, 124.0)	(26.0, 213.0)	(27.0, 435.0)	(28.0, 719.0)	(29.0, 1232.0)	(30.0, 2079.0)	(31.0, 3218.0)	(32.0, 5158.0)	(33.0, 8031.0)	(34.0, 12728.0)	(35.0, 20721.0)	(36.0, 39759.0)	(37.0, 109015.0)	(38.0, 35589.0)				
SRR15702536_2	(15.0, 2.0)	(16.0, 19.0)	(17.0, 70.0)	(18.0, 152.0)	(19.0, 267.0)	(20.0, 328.0)	(21.0, 317.0)	(22.0, 328.0)	(23.0, 356.0)	(24.0, 378.0)	(25.0, 430.0)	(26.0, 603.0)	(27.0, 820.0)	(28.0, 1202.0)	(29.0, 1901.0)	(30.0, 3231.0)	(31.0, 5525.0)	(32.0, 9525.0)	(33.0, 15896.0)	(34.0, 25259.0)	(35.0, 40222.0)	(36.0, 66702.0)	(37.0, 64808.0)	(38.0, 795.0)		
SRR15702537_1	(16.0, 1.0)	(17.0, 1.0)	(18.0, 0.0)	(19.0, 0.0)	(20.0, 0.0)	(21.0, 1.0)	(22.0, 3.0)	(23.0, 11.0)	(24.0, 9.0)	(25.0, 21.0)	(26.0, 51.0)	(27.0, 99.0)	(28.0, 172.0)	(29.0, 303.0)	(30.0, 535.0)	(31.0, 893.0)	(32.0, 1486.0)	(33.0, 2408.0)	(34.0, 3740.0)	(35.0, 6159.0)	(36.0, 12010.0)	(37.0, 34542.0)	(38.0, 6338.0)			
SRR15702537_2	(15.0, 1.0)	(16.0, 2.0)	(17.0, 9.0)	(18.0, 11.0)	(19.0, 60.0)	(20.0, 59.0)	(21.0, 117.0)	(22.0, 106.0)	(23.0, 109.0)	(24.0, 133.0)	(25.0, 154.0)	(26.0, 186.0)	(27.0, 260.0)	(28.0, 412.0)	(29.0, 672.0)	(30.0, 1143.0)	(31.0, 1927.0)	(32.0, 3238.0)	(33.0, 5238.0)	(34.0, 7806.0)	(35.0, 12146.0)	(36.0, 19301.0)	(37.0, 15573.0)	(38.0, 120.0)		
SRR15702538_1	(21.0, 1.0)	(22.0, 7.0)	(23.0, 17.0)	(24.0, 21.0)	(25.0, 55.0)	(26.0, 106.0)	(27.0, 225.0)	(28.0, 347.0)	(29.0, 628.0)	(30.0, 1084.0)	(31.0, 1801.0)	(32.0, 2741.0)	(33.0, 4367.0)	(34.0, 6574.0)	(35.0, 11210.0)	(36.0, 21369.0)	(37.0, 59357.0)	(38.0, 16150.0)								
SRR15702538_2	(15.0, 1.0)	(16.0, 8.0)	(17.0, 31.0)	(18.0, 61.0)	(19.0, 128.0)	(20.0, 166.0)	(21.0, 180.0)	(22.0, 222.0)	(23.0, 230.0)	(24.0, 220.0)	(25.0, 238.0)	(26.0, 318.0)	(27.0, 369.0)	(28.0, 580.0)	(29.0, 864.0)	(30.0, 1496.0)	(31.0, 2679.0)	(32.0, 4874.0)	(33.0, 7938.0)	(34.0, 13041.0)	(35.0, 21200.0)	(36.0, 35265.0)	(37.0, 35465.0)	(38.0, 486.0)		
SRR15702540_1	(19.0, 1.0)	(20.0, 1.0)	(21.0, 2.0)	(22.0, 4.0)	(23.0, 24.0)	(24.0, 55.0)	(25.0, 75.0)	(26.0, 125.0)	(27.0, 263.0)	(28.0, 415.0)	(29.0, 833.0)	(30.0, 1418.0)	(31.0, 2330.0)	(32.0, 3608.0)	(33.0, 5749.0)	(34.0, 8991.0)	(35.0, 14391.0)	(36.0, 29178.0)	(37.0, 74012.0)	(38.0, 13164.0)						
SRR15702540_2	(16.0, 6.0)	(17.0, 27.0)	(18.0, 70.0)	(19.0, 159.0)	(20.0, 246.0)	(21.0, 243.0)	(22.0, 262.0)	(23.0, 247.0)	(24.0, 281.0)	(25.0, 319.0)	(26.0, 416.0)	(27.0, 601.0)	(28.0, 916.0)	(29.0, 1471.0)	(30.0, 2677.0)	(31.0, 4584.0)	(32.0, 7669.0)	(33.0, 11980.0)	(34.0, 18058.0)	(35.0, 27468.0)	(36.0, 42354.0)	(37.0, 34256.0)	(38.0, 329.0)			
SRR15702542_1	(19.0, 1.0)	(20.0, 1.0)	(21.0, 1.0)	(22.0, 6.0)	(23.0, 22.0)	(24.0, 50.0)	(25.0, 123.0)	(26.0, 225.0)	(27.0, 453.0)	(28.0, 739.0)	(29.0, 1231.0)	(30.0, 1837.0)	(31.0, 2769.0)	(32.0, 4439.0)	(33.0, 6895.0)	(34.0, 10398.0)	(35.0, 17061.0)	(36.0, 32564.0)	(37.0, 82230.0)	(38.0, 15255.0)						
SRR15702542_2	(16.0, 8.0)	(17.0, 33.0)	(18.0, 87.0)	(19.0, 206.0)	(20.0, 295.0)	(21.0, 338.0)	(22.0, 319.0)	(23.0, 352.0)	(24.0, 383.0)	(25.0, 478.0)	(26.0, 677.0)	(27.0, 955.0)	(28.0, 1457.0)	(29.0, 2288.0)	(30.0, 3688.0)	(31.0, 5958.0)	(32.0, 9293.0)	(33.0, 14184.0)	(34.0, 21033.0)	(35.0, 31421.0)	(36.0, 45718.0)	(37.0, 36723.0)	(38.0, 406.0)			
SRR15702544_1	(16.0, 1.0)	(17.0, 1.0)	(18.0, 0.0)	(19.0, 1.0)	(20.0, 3.0)	(21.0, 7.0)	(22.0, 14.0)	(23.0, 44.0)	(24.0, 89.0)	(25.0, 110.0)	(26.0, 181.0)	(27.0, 360.0)	(28.0, 652.0)	(29.0, 1196.0)	(30.0, 2069.0)	(31.0, 3340.0)	(32.0, 5431.0)	(33.0, 8502.0)	(34.0, 13527.0)	(35.0, 22262.0)	(36.0, 42673.0)	(37.0, 122406.0)	(38.0, 32000.0)			
SRR15702544_2	(15.0, 1.0)	(16.0, 7.0)	(17.0, 23.0)	(18.0, 78.0)	(19.0, 133.0)	(20.0, 216.0)	(21.0, 243.0)	(22.0, 280.0)	(23.0, 296.0)	(24.0, 336.0)	(25.0, 396.0)	(26.0, 511.0)	(27.0, 734.0)	(28.0, 1125.0)	(29.0, 1858.0)	(30.0, 3227.0)	(31.0, 5787.0)	(32.0, 10326.0)	(33.0, 17446.0)	(34.0, 28149.0)	(35.0, 44842.0)	(36.0, 73494.0)	(37.0, 64738.0)	(38.0, 623.0)		
SRR15702546_1	(16.0, 1.0)	(17.0, 2.0)	(18.0, 1.0)	(19.0, 0.0)	(20.0, 0.0)	(21.0, 5.0)	(22.0, 9.0)	(23.0, 29.0)	(24.0, 46.0)	(25.0, 79.0)	(26.0, 120.0)	(27.0, 300.0)	(28.0, 458.0)	(29.0, 752.0)	(30.0, 1082.0)	(31.0, 1878.0)	(32.0, 2970.0)	(33.0, 4385.0)	(34.0, 7063.0)	(35.0, 11517.0)	(36.0, 22914.0)	(37.0, 64250.0)	(38.0, 24545.0)			
SRR15702546_2	(15.0, 1.0)	(16.0, 11.0)	(17.0, 24.0)	(18.0, 63.0)	(19.0, 103.0)	(20.0, 159.0)	(21.0, 154.0)	(22.0, 176.0)	(23.0, 213.0)	(24.0, 221.0)	(25.0, 234.0)	(26.0, 281.0)	(27.0, 373.0)	(28.0, 562.0)	(29.0, 898.0)	(30.0, 1700.0)	(31.0, 3305.0)	(32.0, 6010.0)	(33.0, 10450.0)	(34.0, 16336.0)	(35.0, 25224.0)	(36.0, 40476.0)	(37.0, 35054.0)	(38.0, 378.0)		
SRR15702548_1	(25.0, 67.0)	(26.0, 231.0)	(27.0, 433.0)	(28.0, 619.0)	(29.0, 916.0)	(30.0, 1349.0)	(31.0, 1990.0)	(32.0, 2730.0)	(33.0, 3792.0)	(34.0, 5380.0)	(35.0, 8206.0)	(36.0, 14490.0)	(37.0, 38941.0)	(38.0, 4180.0)												
SRR15702548_2	(23.0, 8.0)	(24.0, 310.0)	(25.0, 793.0)	(26.0, 845.0)	(27.0, 982.0)	(28.0, 1044.0)	(29.0, 1229.0)	(30.0, 1748.0)	(31.0, 2324.0)	(32.0, 3486.0)	(33.0, 5116.0)	(34.0, 7956.0)	(35.0, 12821.0)	(36.0, 23377.0)	(37.0, 21264.0)	(38.0, 21.0)										
SRR15702552_1	(24.0, 3.0)	(25.0, 32.0)	(26.0, 129.0)	(27.0, 255.0)	(28.0, 327.0)	(29.0, 454.0)	(30.0, 651.0)	(31.0, 878.0)	(32.0, 1301.0)	(33.0, 1809.0)	(34.0, 2422.0)	(35.0, 3915.0)	(36.0, 7363.0)	(37.0, 15460.0)	(38.0, 846.0)											
SRR15702552_2	(23.0, 1.0)	(24.0, 116.0)	(25.0, 357.0)	(26.0, 365.0)	(27.0, 437.0)	(28.0, 502.0)	(29.0, 591.0)	(30.0, 750.0)	(31.0, 1047.0)	(32.0, 1420.0)	(33.0, 2210.0)	(34.0, 3596.0)	(35.0, 6091.0)	(36.0, 10499.0)	(37.0, 7854.0)	(38.0, 9.0)										
SRR15702554_1	(24.0, 3.0)	(25.0, 42.0)	(26.0, 193.0)	(27.0, 332.0)	(28.0, 485.0)	(29.0, 700.0)	(30.0, 1041.0)	(31.0, 1618.0)	(32.0, 2399.0)	(33.0, 3354.0)	(34.0, 5140.0)	(35.0, 8122.0)	(36.0, 15320.0)	(37.0, 39309.0)	(38.0, 2591.0)											
SRR15702554_2	(23.0, 10.0)	(24.0, 320.0)	(25.0, 708.0)	(26.0, 818.0)	(27.0, 892.0)	(28.0, 985.0)	(29.0, 1295.0)	(30.0, 1555.0)	(31.0, 2053.0)	(32.0, 2785.0)	(33.0, 4221.0)	(34.0, 6818.0)	(35.0, 12198.0)	(36.0, 22807.0)	(37.0, 23150.0)	(38.0, 34.0)										
SRR15702556_1	(24.0, 1.0)	(25.0, 24.0)	(26.0, 107.0)	(27.0, 183.0)	(28.0, 307.0)	(29.0, 476.0)	(30.0, 789.0)	(31.0, 1078.0)	(32.0, 1577.0)	(33.0, 2250.0)	(34.0, 3211.0)	(35.0, 5222.0)	(36.0, 9363.0)	(37.0, 22593.0)	(38.0, 1467.0)											
SRR15702556_2	(23.0, 18.0)	(24.0, 276.0)	(25.0, 488.0)	(26.0, 566.0)	(27.0, 605.0)	(28.0, 689.0)	(29.0, 761.0)	(30.0, 1031.0)	(31.0, 1420.0)	(32.0, 1946.0)	(33.0, 2741.0)	(34.0, 4207.0)	(35.0, 7330.0)	(36.0, 13335.0)	(37.0, 13188.0)	(38.0, 47.0)										
SRR15702558_1	(24.0, 1.0)	(25.0, 25.0)	(26.0, 85.0)	(27.0, 170.0)	(28.0, 272.0)	(29.0, 430.0)	(30.0, 627.0)	(31.0, 902.0)	(32.0, 1220.0)	(33.0, 1562.0)	(34.0, 2412.0)	(35.0, 3372.0)	(36.0, 6068.0)	(37.0, 15713.0)	(38.0, 1898.0)											
SRR15702558_2	(23.0, 1.0)	(24.0, 96.0)	(25.0, 311.0)	(26.0, 324.0)	(27.0, 363.0)	(28.0, 425.0)	(29.0, 517.0)	(30.0, 695.0)	(31.0, 1023.0)	(32.0, 1433.0)	(33.0, 2128.0)	(34.0, 3175.0)	(35.0, 5443.0)	(36.0, 9990.0)	(37.0, 8826.0)	(38.0, 7.0)										
SRR15702559_1	(24.0, 5.0)	(25.0, 68.0)	(26.0, 276.0)	(27.0, 686.0)	(28.0, 976.0)	(29.0, 1450.0)	(30.0, 1804.0)	(31.0, 2419.0)	(32.0, 3137.0)	(33.0, 4101.0)	(34.0, 5503.0)	(35.0, 7699.0)	(36.0, 13024.0)	(37.0, 21611.0)	(38.0, 888.0)											
SRR15702559_2	(23.0, 7.0)	(24.0, 248.0)	(25.0, 721.0)	(26.0, 824.0)	(27.0, 789.0)	(28.0, 924.0)	(29.0, 1187.0)	(30.0, 1569.0)	(31.0, 2062.0)	(32.0, 2790.0)	(33.0, 4007.0)	(34.0, 6209.0)	(35.0, 10056.0)	(36.0, 17644.0)	(37.0, 14589.0)	(38.0, 21.0)										
SRR15702560_1	(24.0, 1.0)	(25.0, 34.0)	(26.0, 163.0)	(27.0, 374.0)	(28.0, 636.0)	(29.0, 936.0)	(30.0, 1348.0)	(31.0, 1804.0)	(32.0, 2625.0)	(33.0, 3460.0)	(34.0, 5051.0)	(35.0, 7700.0)	(36.0, 14157.0)	(37.0, 31263.0)	(38.0, 1705.0)											
SRR15702560_2	(23.0, 4.0)	(24.0, 268.0)	(25.0, 775.0)	(26.0, 880.0)	(27.0, 902.0)	(28.0, 1000.0)	(29.0, 1130.0)	(30.0, 1606.0)	(31.0, 2096.0)	(32.0, 2903.0)	(33.0, 4238.0)	(34.0, 6620.0)	(35.0, 11160.0)	(36.0, 20095.0)	(37.0, 17551.0)	(38.0, 29.0)										
SRR15702561_1	(24.0, 1.0)	(25.0, 30.0)	(26.0, 120.0)	(27.0, 227.0)	(28.0, 333.0)	(29.0, 455.0)	(30.0, 618.0)	(31.0, 808.0)	(32.0, 1043.0)	(33.0, 1435.0)	(34.0, 1975.0)	(35.0, 2735.0)	(36.0, 4262.0)	(37.0, 7936.0)	(38.0, 296.0)											
SRR15702561_2	(23.0, 1.0)	(24.0, 60.0)	(25.0, 205.0)	(26.0, 212.0)	(27.0, 251.0)	(28.0, 261.0)	(29.0, 293.0)	(30.0, 386.0)	(31.0, 493.0)	(32.0, 696.0)	(33.0, 1157.0)	(34.0, 1930.0)	(35.0, 3358.0)	(36.0, 6747.0)	(37.0, 6222.0)	(38.0, 2.0)										
SRR15702562_1	(25.0, 26.0)	(26.0, 99.0)	(27.0, 224.0)	(28.0, 350.0)	(29.0, 568.0)	(30.0, 831.0)	(31.0, 1288.0)	(32.0, 1842.0)	(33.0, 2610.0)	(34.0, 3969.0)	(35.0, 6040.0)	(36.0, 11025.0)	(37.0, 29306.0)	(38.0, 2384.0)												
SRR15702562_2	(23.0, 4.0)	(24.0, 293.0)	(25.0, 691.0)	(26.0, 693.0)	(27.0, 678.0)	(28.0, 817.0)	(29.0, 961.0)	(30.0, 1246.0)	(31.0, 1635.0)	(32.0, 2244.0)	(33.0, 3318.0)	(34.0, 5155.0)	(35.0, 9050.0)	(36.0, 16507.0)	(37.0, 17232.0)	(38.0, 38.0)										
SRR15702563_1	(24.0, 4.0)	(25.0, 35.0)	(26.0, 138.0)	(27.0, 283.0)	(28.0, 463.0)	(29.0, 686.0)	(30.0, 979.0)	(31.0, 1244.0)	(32.0, 1697.0)	(33.0, 2329.0)	(34.0, 3042.0)	(35.0, 4591.0)	(36.0, 7966.0)	(37.0, 17267.0)	(38.0, 1769.0)											
SRR15702563_2	(23.0, 8.0)	(24.0, 191.0)	(25.0, 417.0)	(26.0, 449.0)	(27.0, 472.0)	(28.0, 543.0)	(29.0, 678.0)	(30.0, 834.0)	(31.0, 1144.0)	(32.0, 1547.0)	(33.0, 2319.0)	(34.0, 3511.0)	(35.0, 6118.0)	(36.0, 11147.0)	(37.0, 13084.0)	(38.0, 31.0)										
SRR15702564_1	(24.0, 1.0)	(25.0, 35.0)	(26.0, 167.0)	(27.0, 338.0)	(28.0, 541.0)	(29.0, 790.0)	(30.0, 1077.0)	(31.0, 1422.0)	(32.0, 1910.0)	(33.0, 2556.0)	(34.0, 3562.0)	(35.0, 5320.0)	(36.0, 9618.0)	(37.0, 20299.0)	(38.0, 1329.0)											
SRR15702564_2	(23.0, 3.0)	(24.0, 166.0)	(25.0, 560.0)	(26.0, 661.0)	(27.0, 673.0)	(28.0, 773.0)	(29.0, 968.0)	(30.0, 1174.0)	(31.0, 1614.0)	(32.0, 2168.0)	(33.0, 3194.0)	(34.0, 4619.0)	(35.0, 7724.0)	(36.0, 13607.0)	(37.0, 11036.0)	(38.0, 25.0)										
SRR15702566_1	(23.0, 1.0)	(24.0, 4.0)	(25.0, 100.0)	(26.0, 382.0)	(27.0, 713.0)	(28.0, 1174.0)	(29.0, 1739.0)	(30.0, 2560.0)	(31.0, 3773.0)	(32.0, 5155.0)	(33.0, 7385.0)	(34.0, 10376.0)	(35.0, 15798.0)	(36.0, 28470.0)	(37.0, 75419.0)	(38.0, 6880.0)										
SRR15702566_2	(23.0, 21.0)	(24.0, 886.0)	(25.0, 1828.0)	(26.0, 1977.0)	(27.0, 2052.0)	(28.0, 2261.0)	(29.0, 2685.0)	(30.0, 3395.0)	(31.0, 4646.0)	(32.0, 6340.0)	(33.0, 8935.0)	(34.0, 13860.0)	(35.0, 23222.0)	(36.0, 42622.0)	(37.0, 45088.0)	(38.0, 111.0)										
SRR15702567_1	(25.0, 15.0)	(26.0, 61.0)	(27.0, 143.0)	(28.0, 224.0)	(29.0, 362.0)	(30.0, 499.0)	(31.0, 790.0)	(32.0, 1124.0)	(33.0, 1514.0)	(34.0, 2037.0)	(35.0, 2950.0)	(36.0, 5313.0)	(37.0, 13977.0)	(38.0, 1668.0)												
SRR15702567_2	(24.0, 102.0)	(25.0, 297.0)	(26.0, 339.0)	(27.0, 358.0)	(28.0, 440.0)	(29.0, 476.0)	(30.0, 682.0)	(31.0, 897.0)	(32.0, 1285.0)	(33.0, 1888.0)	(34.0, 2827.0)	(35.0, 4579.0)	(36.0, 8719.0)	(37.0, 7778.0)	(38.0, 10.0)											
SRR15702568_1	(24.0, 1.0)	(25.0, 81.0)	(26.0, 349.0)	(27.0, 792.0)	(28.0, 1260.0)	(29.0, 1983.0)	(30.0, 2766.0)	(31.0, 4072.0)	(32.0, 5952.0)	(33.0, 8143.0)	(34.0, 11513.0)	(35.0, 17479.0)	(36.0, 30693.0)	(37.0, 76186.0)	(38.0, 5611.0)											
SRR15702568_2	(23.0, 21.0)	(24.0, 718.0)	(25.0, 1721.0)	(26.0, 1888.0)	(27.0, 2072.0)	(28.0, 2277.0)	(29.0, 2766.0)	(30.0, 3395.0)	(31.0, 4561.0)	(32.0, 6256.0)	(33.0, 9220.0)	(34.0, 14140.0)	(35.0, 24243.0)	(36.0, 46007.0)	(37.0, 47518.0)	(38.0, 78.0)										
SRR15702628_1	(24.0, 4.0)	(25.0, 58.0)	(26.0, 236.0)	(27.0, 518.0)	(28.0, 834.0)	(29.0, 1279.0)	(30.0, 1893.0)	(31.0, 2856.0)	(32.0, 3907.0)	(33.0, 5421.0)	(34.0, 7814.0)	(35.0, 11888.0)	(36.0, 21491.0)	(37.0, 37666.0)	(38.0, 299.0)											
SRR15702628_2	(23.0, 12.0)	(24.0, 494.0)	(25.0, 1262.0)	(26.0, 1321.0)	(27.0, 1463.0)	(28.0, 1690.0)	(29.0, 2030.0)	(30.0, 2661.0)	(31.0, 3443.0)	(32.0, 4476.0)	(33.0, 6196.0)	(34.0, 9374.0)	(35.0, 14960.0)	(36.0, 26851.0)	(37.0, 19910.0)	(38.0, 21.0)										
SRR15702629_1	(24.0, 6.0)	(25.0, 77.0)	(26.0, 330.0)	(27.0, 636.0)	(28.0, 1089.0)	(29.0, 1657.0)	(30.0, 2421.0)	(31.0, 3410.0)	(32.0, 4472.0)	(33.0, 6145.0)	(34.0, 8362.0)	(35.0, 11919.0)	(36.0, 21023.0)	(37.0, 36062.0)	(38.0, 156.0)											
SRR15702629_2	(23.0, 15.0)	(24.0, 412.0)	(25.0, 1263.0)	(26.0, 1356.0)	(27.0, 1529.0)	(28.0, 1867.0)	(29.0, 2255.0)	(30.0, 2718.0)	(31.0, 3558.0)	(32.0, 4849.0)	(33.0, 6673.0)	(34.0, 9772.0)	(35.0, 15228.0)	(36.0, 26776.0)	(37.0, 19486.0)	(38.0, 8.0)										
SRR15702630_1	(24.0, 3.0)	(25.0, 57.0)	(26.0, 309.0)	(27.0, 676.0)	(28.0, 961.0)	(29.0, 1400.0)	(30.0, 2013.0)	(31.0, 3226.0)	(32.0, 4411.0)	(33.0, 6104.0)	(34.0, 8587.0)	(35.0, 13069.0)	(36.0, 23795.0)	(37.0, 42073.0)	(38.0, 302.0)											
SRR15702630_2	(23.0, 28.0)	(24.0, 514.0)	(25.0, 1319.0)	(26.0, 1387.0)	(27.0, 1564.0)	(28.0, 1779.0)	(29.0, 2112.0)	(30.0, 2516.0)	(31.0, 3223.0)	(32.0, 4572.0)	(33.0, 6463.0)	(34.0, 10027.0)	(35.0, 16992.0)	(36.0, 30176.0)	(37.0, 24275.0)	(38.0, 39.0)										
SRR15702631_1	(24.0, 5.0)	(25.0, 140.0)	(26.0, 652.0)	(27.0, 1258.0)	(28.0, 1988.0)	(29.0, 2827.0)	(30.0, 3832.0)	(31.0, 5183.0)	(32.0, 6760.0)	(33.0, 8927.0)	(34.0, 12360.0)	(35.0, 17803.0)	(36.0, 32138.0)	(37.0, 52404.0)	(38.0, 240.0)											
SRR15702631_2	(23.0, 19.0)	(24.0, 770.0)	(25.0, 1986.0)	(26.0, 2142.0)	(27.0, 2312.0)	(28.0, 2570.0)	(29.0, 3173.0)	(30.0, 4010.0)	(31.0, 5291.0)	(32.0, 7574.0)	(33.0, 10323.0)	(34.0, 15312.0)	(35.0, 24315.0)	(36.0, 41712.0)	(37.0, 24995.0)	(38.0, 13.0)										
SRR15702632_1	(24.0, 19.0)	(25.0, 218.0)	(26.0, 953.0)	(27.0, 1754.0)	(28.0, 2697.0)	(29.0, 3934.0)	(30.0, 5337.0)	(31.0, 6903.0)	(32.0, 8627.0)	(33.0, 11314.0)	(34.0, 14505.0)	(35.0, 20118.0)	(36.0, 21478.0)	(37.0, 2311.0)												
SRR15702632_2	(23.0, 17.0)	(24.0, 673.0)	(25.0, 1600.0)	(26.0, 1835.0)	(27.0, 2138.0)	(28.0, 2643.0)	(29.0, 3361.0)	(30.0, 4338.0)	(31.0, 5833.0)	(32.0, 7521.0)	(33.0, 10658.0)	(34.0, 14951.0)	(35.0, 20338.0)	(36.0, 21252.0)	(37.0, 3010.0)											
SRR15702633_1	(24.0, 8.0)	(25.0, 136.0)	(26.0, 578.0)	(27.0, 1120.0)	(28.0, 1721.0)	(29.0, 2561.0)	(30.0, 3585.0)	(31.0, 4708.0)	(32.0, 5944.0)	(33.0, 7369.0)	(34.0, 9843.0)	(35.0, 13698.0)	(36.0, 17188.0)	(37.0, 2632.0)												
SRR15702633_2	(23.0, 9.0)	(24.0, 372.0)	(25.0, 1065.0)	(26.0, 1188.0)	(27.0, 1337.0)	(28.0, 1679.0)	(29.0, 2166.0)	(30.0, 2949.0)	(31.0, 4070.0)	(32.0, 5621.0)	(33.0, 7587.0)	(34.0, 10398.0)	(35.0, 14746.0)	(36.0, 15439.0)	(37.0, 2465.0)											
SRR15702634_1	(24.0, 9.0)	(25.0, 224.0)	(26.0, 1045.0)	(27.0, 2064.0)	(28.0, 3627.0)	(29.0, 5578.0)	(30.0, 7938.0)	(31.0, 11139.0)	(32.0, 14569.0)	(33.0, 18760.0)	(34.0, 25230.0)	(35.0, 35783.0)	(36.0, 40433.0)	(37.0, 5536.0)												
SRR15702634_2	(23.0, 38.0)	(24.0, 1421.0)	(25.0, 3676.0)	(26.0, 4659.0)	(27.0, 6113.0)	(28.0, 7516.0)	(29.0, 7667.0)	(30.0, 7740.0)	(31.0, 9373.0)	(32.0, 12028.0)	(33.0, 16700.0)	(34.0, 23481.0)	(35.0, 33555.0)	(36.0, 34061.0)	(37.0, 3907.0)											
SRR15702635_1	(24.0, 9.0)	(25.0, 114.0)	(26.0, 505.0)	(27.0, 920.0)	(28.0, 1559.0)	(29.0, 2378.0)	(30.0, 3330.0)	(31.0, 4583.0)	(32.0, 5977.0)	(33.0, 7905.0)	(34.0, 10593.0)	(35.0, 14530.0)	(36.0, 15974.0)	(37.0, 2695.0)												
SRR15702635_2	(23.0, 7.0)	(24.0, 411.0)	(25.0, 1352.0)	(26.0, 1638.0)	(27.0, 1910.0)	(28.0, 2457.0)	(29.0, 3127.0)	(30.0, 4052.0)	(31.0, 5251.0)	(32.0, 6674.0)	(33.0, 8326.0)	(34.0, 10385.0)	(35.0, 12513.0)	(36.0, 11420.0)	(37.0, 1549.0)											
SRR15702636_1	(20.0, 1.0)	(21.0, 3.0)	(22.0, 4.0)	(23.0, 32.0)	(24.0, 50.0)	(25.0, 98.0)	(26.0, 196.0)	(27.0, 378.0)	(28.0, 682.0)	(29.0, 1199.0)	(30.0, 1838.0)	(31.0, 2745.0)	(32.0, 4263.0)	(33.0, 6472.0)	(34.0, 10061.0)	(35.0, 16317.0)	(36.0, 31922.0)	(37.0, 79687.0)	(38.0, 12955.0)							
SRR15702636_2	(13.0, 1.0)	(14.0, 3.0)	(15.0, 7.0)	(16.0, 31.0)	(17.0, 104.0)	(18.0, 184.0)	(19.0, 242.0)	(20.0, 248.0)	(21.0, 263.0)	(22.0, 288.0)	(23.0, 276.0)	(24.0, 301.0)	(25.0, 345.0)	(26.0, 406.0)	(27.0, 612.0)	(28.0, 812.0)	(29.0, 1275.0)	(30.0, 2069.0)	(31.0, 3685.0)	(32.0, 6003.0)	(33.0, 10221.0)	(34.0, 16379.0)	(35.0, 26988.0)	(36.0, 47243.0)	(37.0, 50133.0)	(38.0, 784.0)
SRR15702638_1	(20.0, 1.0)	(21.0, 0.0)	(22.0, 7.0)	(23.0, 17.0)	(24.0, 36.0)	(25.0, 70.0)	(26.0, 138.0)	(27.0, 232.0)	(28.0, 436.0)	(29.0, 686.0)	(30.0, 1048.0)	(31.0, 1646.0)	(32.0, 2647.0)	(33.0, 3946.0)	(34.0, 6062.0)	(35.0, 10107.0)	(36.0, 19931.0)	(37.0, 51171.0)	(38.0, 11580.0)							
SRR15702638_2	(15.0, 1.0)	(16.0, 12.0)	(17.0, 24.0)	(18.0, 79.0)	(19.0, 162.0)	(20.0, 183.0)	(21.0, 157.0)	(22.0, 188.0)	(23.0, 158.0)	(24.0, 194.0)	(25.0, 214.0)	(26.0, 305.0)	(27.0, 442.0)	(28.0, 635.0)	(29.0, 1135.0)	(30.0, 1849.0)	(31.0, 3179.0)	(32.0, 5098.0)	(33.0, 7888.0)	(34.0, 12140.0)	(35.0, 18648.0)	(36.0, 29493.0)	(37.0, 27180.0)	(38.0, 397.0)		
SRR15702639_1	(15.0, 7.0)	(16.0, 11.0)	(17.0, 9.0)	(18.0, 6.0)	(19.0, 5.0)	(20.0, 17.0)	(21.0, 37.0)	(22.0, 91.0)	(23.0, 284.0)	(24.0, 523.0)	(25.0, 920.0)	(26.0, 1930.0)	(27.0, 3961.0)	(28.0, 7426.0)	(29.0, 12434.0)	(30.0, 19059.0)	(31.0, 28069.0)	(32.0, 42301.0)	(33.0, 62979.0)	(34.0, 96621.0)	(35.0, 158195.0)	(36.0, 310375.0)	(37.0, 692565.0)	(38.0, 155076.0)		
SRR15702639_2	(14.0, 4.0)	(15.0, 23.0)	(16.0, 126.0)	(17.0, 461.0)	(18.0, 1077.0)	(19.0, 1824.0)	(20.0, 2114.0)	(21.0, 2594.0)	(22.0, 2606.0)	(23.0, 2569.0)	(24.0, 2771.0)	(25.0, 3139.0)	(26.0, 3976.0)	(27.0, 5125.0)	(28.0, 7413.0)	(29.0, 12232.0)	(30.0, 21559.0)	(31.0, 37018.0)	(32.0, 59097.0)	(33.0, 97671.0)	(34.0, 161971.0)	(35.0, 270259.0)	(36.0, 455920.0)	(37.0, 434316.0)	(38.0, 7036.0)	
SRR15702640_1	(15.0, 1.0)	(16.0, 1.0)	(17.0, 1.0)	(18.0, 0.0)	(19.0, 1.0)	(20.0, 1.0)	(21.0, 1.0)	(22.0, 3.0)	(23.0, 14.0)	(24.0, 26.0)	(25.0, 39.0)	(26.0, 105.0)	(27.0, 198.0)	(28.0, 301.0)	(29.0, 495.0)	(30.0, 810.0)	(31.0, 1215.0)	(32.0, 1799.0)	(33.0, 2840.0)	(34.0, 4335.0)	(35.0, 7219.0)	(36.0, 14222.0)	(37.0, 33072.0)	(38.0, 5908.0)		
SRR15702640_2	(15.0, 2.0)	(16.0, 18.0)	(17.0, 37.0)	(18.0, 102.0)	(19.0, 129.0)	(20.0, 148.0)	(21.0, 131.0)	(22.0, 134.0)	(23.0, 158.0)	(24.0, 143.0)	(25.0, 183.0)	(26.0, 257.0)	(27.0, 324.0)	(28.0, 432.0)	(29.0, 866.0)	(30.0, 1425.0)	(31.0, 2322.0)	(32.0, 3750.0)	(33.0, 5744.0)	(34.0, 8723.0)	(35.0, 13295.0)	(36.0, 18679.0)	(37.0, 15399.0)	(38.0, 206.0)		
SRR15702641_1	(17.0, 1.0)	(18.0, 0.0)	(19.0, 0.0)	(20.0, 1.0)	(21.0, 2.0)	(22.0, 14.0)	(23.0, 20.0)	(24.0, 54.0)	(25.0, 112.0)	(26.0, 242.0)	(27.0, 526.0)	(28.0, 847.0)	(29.0, 1331.0)	(30.0, 1943.0)	(31.0, 2864.0)	(32.0, 4076.0)	(33.0, 6024.0)	(34.0, 8961.0)	(35.0, 14312.0)	(36.0, 26242.0)	(37.0, 62338.0)	(38.0, 14029.0)				
SRR15702641_2	(14.0, 1.0)	(15.0, 5.0)	(16.0, 19.0)	(17.0, 46.0)	(18.0, 100.0)	(19.0, 167.0)	(20.0, 176.0)	(21.0, 224.0)	(22.0, 225.0)	(23.0, 242.0)	(24.0, 266.0)	(25.0, 282.0)	(26.0, 360.0)	(27.0, 485.0)	(28.0, 667.0)	(29.0, 1095.0)	(30.0, 1973.0)	(31.0, 3378.0)	(32.0, 5647.0)	(33.0, 9263.0)	(34.0, 14956.0)	(35.0, 23715.0)	(36.0, 39663.0)	(37.0, 40288.0)	(38.0, 696.0)	
SRR15702642_1	(16.0, 1.0)	(17.0, 0.0)	(18.0, 0.0)	(19.0, 0.0)	(20.0, 0.0)	(21.0, 5.0)	(22.0, 12.0)	(23.0, 22.0)	(24.0, 49.0)	(25.0, 89.0)	(26.0, 171.0)	(27.0, 387.0)	(28.0, 685.0)	(29.0, 1138.0)	(30.0, 1747.0)	(31.0, 2632.0)	(32.0, 4133.0)	(33.0, 6101.0)	(34.0, 8942.0)	(35.0, 15121.0)	(36.0, 29097.0)	(37.0, 65120.0)	(38.0, 14836.0)			
SRR15702642_2	(15.0, 3.0)	(16.0, 14.0)	(17.0, 28.0)	(18.0, 97.0)	(19.0, 209.0)	(20.0, 261.0)	(21.0, 273.0)	(22.0, 288.0)	(23.0, 260.0)	(24.0, 368.0)	(25.0, 452.0)	(26.0, 564.0)	(27.0, 880.0)	(28.0, 1406.0)	(29.0, 2356.0)	(30.0, 3986.0)	(31.0, 6160.0)	(32.0, 9425.0)	(33.0, 13567.0)	(34.0, 19527.0)	(35.0, 28259.0)	(36.0, 36926.0)	(37.0, 24764.0)	(38.0, 215.0)		
