Sample	0	1	2	3	4	5	6	7	8	9	10	11	12	13	14	15	16	17	18	19	20	21	22	23	24	25	26	27	28	29	30	31	32	33	34	35	36	37
SRR15702528_1	(1, 32.389620619092476)	(2, 32.605084938448044)	(3, 32.65278364244649)	(4, 32.7016110696073)	(5, 32.76074317081885)	(6, 36.24514405430864)	(7, 35.90104589599506)	(8, 32.64632799558255)	(9, 32.76254587975444)	(10, 34.815644590249136)	(15, 37.342095689739175)	(20, 37.45460259200312)	(25, 37.15615194725046)	(30, 38.402190859778486)	(35, 37.548682885633546)	(40, 37.660056192548794)	(45, 37.19277779582291)	(50, 37.34274206645662)	(55, 36.97788839445221)	(60, 37.343432292850885)	(65, 37.61542534186507)	(70, 37.5530223795758)	(75, 37.29645467242668)	(80, 37.44431903075973)	(85, 37.68180076006106)	(90, 37.423058433754505)	(95, 36.76290317341735)	(100, 38.0532611167051)	(105, 36.782752460454084)	(110, 37.74742748562705)	(115, 37.26871081950174)	(120, 36.53807613603144)	(125, 36.64989443596323)	(130, 33.876236723292294)	(135, 34.672831065059924)	(140, 33.631721181017966)	(145, 36.07624300010815)	(150, 31.033186755110442)
SRR15702528_2	(1, 30.291746516386787)	(2, 31.72962614090363)	(3, 32.40123266313704)	(4, 32.507771137168284)	(5, 31.825267158216132)	(6, 36.08848702374379)	(7, 36.5578572124598)	(8, 36.45049858706597)	(9, 36.65220710039952)	(10, 36.69564751356092)	(15, 36.902666709974994)	(20, 35.82987137428135)	(25, 36.87696267905285)	(30, 35.6153571312567)	(35, 36.46400915971027)	(40, 36.665951537986814)	(45, 36.90789618995031)	(50, 35.04774417773736)	(55, 37.16952934680222)	(60, 36.196613830512874)	(65, 36.00618280443044)	(70, 36.9573066554065)	(75, 37.308164160197485)	(80, 36.24529996427063)	(85, 36.169482249001206)	(90, 36.38764088738753)	(95, 36.68829051222919)	(100, 32.66687400526196)	(105, 33.29428330139345)	(110, 34.572990223146135)	(115, 35.35790918244713)	(120, 37.57151232663137)	(125, 36.09879007373242)	(130, 36.13996004807224)	(135, 34.140445642641374)	(140, 33.807347256959105)	(145, 35.717864330075244)	(150, 29.593838261962468)
SRR15702529_1	(1, 32.24774823291821)	(2, 32.559306630764056)	(3, 32.71955570514978)	(4, 32.73927970380343)	(5, 32.73305284416021)	(6, 36.276512958599795)	(7, 35.91045439246045)	(8, 32.678498821945475)	(9, 32.736270615954226)	(10, 34.78907169303265)	(15, 37.34636687983844)	(20, 37.4422389767755)	(25, 37.007438572871095)	(30, 38.332609895658024)	(35, 37.52201952204645)	(40, 37.634611915180066)	(45, 37.133626388421405)	(50, 37.335027936721644)	(55, 36.76665903736116)	(60, 36.916247728037696)	(65, 37.2767566475934)	(70, 37.13229619656681)	(75, 37.10206395153147)	(80, 37.085171322786934)	(85, 37.5523433187479)	(90, 37.071698418041066)	(95, 36.561711208347354)	(100, 37.43784180410636)	(105, 36.075635139683605)	(110, 37.18765533490408)	(115, 36.93329518680579)	(120, 36.18049007068327)	(125, 36.15057287108717)	(130, 34.10910939077751)	(135, 33.902124537192854)	(140, 33.4480390440929)	(145, 35.62390311029081)	(150, 29.710764249601674)
SRR15702529_2	(1, 30.26790306294177)	(2, 31.363769774486705)	(3, 32.16469875462807)	(4, 32.323211040053856)	(5, 32.156284079434535)	(6, 36.62632783574554)	(7, 35.740121171322784)	(8, 35.48692696061932)	(9, 35.57919219118142)	(10, 35.587583978458426)	(15, 36.462163581285765)	(20, 36.218193200942444)	(25, 36.58438909458094)	(30, 35.590086839448)	(35, 36.131499158532485)	(40, 36.07939279703804)	(45, 36.48008616627398)	(50, 34.72338202625379)	(55, 37.335068327162574)	(60, 36.279196230225516)	(65, 36.00049680242343)	(70, 36.93075328172333)	(75, 36.9664867048132)	(80, 35.340434870414)	(85, 35.48142039717267)	(90, 36.094940424099626)	(95, 36.40922383036015)	(100, 32.437431167956916)	(105, 32.99633120161562)	(110, 34.06404577583305)	(115, 34.329968360821276)	(120, 37.08206799057557)	(125, 35.753513295186806)	(130, 35.58479165264221)	(135, 33.859219118142036)	(140, 33.36814675193538)	(145, 34.65082424198136)	(150, 30.327846128726108)
SRR15702530_1	(1, 32.634463410373144)	(2, 32.70470871142443)	(3, 32.7308933397733)	(4, 32.71512912474694)	(5, 32.721531410249824)	(6, 35.69179623673042)	(7, 35.48931753486317)	(8, 32.630799823243485)	(9, 32.913564007440215)	(10, 35.06358199138826)	(15, 37.28803810541676)	(20, 37.40395544091503)	(25, 37.08032247787973)	(30, 38.36181545386347)	(35, 37.51404700490191)	(40, 37.670270992405634)	(45, 37.111090443843835)	(50, 37.42695742428758)	(55, 36.884595463934474)	(60, 37.28840086734012)	(65, 37.60974627218449)	(70, 37.34745809740106)	(75, 37.35688682444584)	(80, 37.2687140963323)	(85, 37.60170590592853)	(90, 37.36787758583482)	(95, 36.75519222271321)	(100, 37.54311214789999)	(105, 36.61733344294978)	(110, 37.57348138404464)	(115, 37.17580902074834)	(120, 36.19322878664872)	(125, 36.571576113206376)	(130, 34.29444347388217)	(135, 35.08688096681705)	(140, 34.15008272616099)	(145, 36.20959732901248)	(150, 31.6004664298683)
SRR15702530_2	(1, 32.13868193075666)	(2, 32.1057147848606)	(3, 31.907213104646026)	(4, 31.72938268813779)	(5, 32.45177218962275)	(6, 36.4394968605165)	(7, 36.243297125651274)	(8, 35.59436434451079)	(9, 35.06483984009701)	(10, 35.40753064978574)	(15, 36.05724033748164)	(20, 35.564162615996466)	(25, 36.21369657482864)	(30, 35.35149677830417)	(35, 35.68316702463287)	(40, 36.17602688343318)	(45, 36.358572177290895)	(50, 33.96484908898458)	(55, 37.29960024252638)	(60, 35.83430104101368)	(65, 35.08020224234141)	(70, 36.620639406426946)	(75, 36.75366821157344)	(80, 35.65023995724958)	(85, 35.3067157200259)	(90, 35.85328489656661)	(95, 36.10555960908035)	(100, 31.803515604928627)	(105, 32.56046203331655)	(110, 33.99679166366934)	(115, 34.22539538994338)	(120, 36.775836767411036)	(125, 35.66585516242075)	(130, 36.054599266254925)	(135, 33.16920325971904)	(140, 33.418484415624455)	(145, 34.35538242564397)	(150, 31.064908665201187)
SRR15702531_1	(1, 32.354209274492874)	(2, 32.62754321380418)	(3, 32.779204350921844)	(4, 32.771144843884926)	(5, 32.73911890802769)	(6, 36.261305276553195)	(7, 35.84898271447833)	(8, 32.33541638261449)	(9, 32.510581890348284)	(10, 34.7559999394022)	(15, 37.35319577633353)	(20, 37.422519656410486)	(25, 36.87565786483661)	(30, 38.31329667166598)	(35, 37.495270341923074)	(40, 37.59029829265707)	(45, 37.22760835643624)	(50, 37.381217712736145)	(55, 36.81593570573709)	(60, 36.87353088215243)	(65, 37.1438288718205)	(70, 36.87928918783802)	(75, 37.22584496053569)	(80, 37.036516232634945)	(85, 37.4743883409838)	(90, 36.8361799148601)	(95, 36.37394143222894)	(100, 36.91008953324547)	(105, 35.544815100971086)	(110, 36.94384553621476)	(115, 36.65478949840173)	(120, 36.17084942962323)	(125, 36.02424517868775)	(130, 34.43647987395658)	(135, 32.875612416488664)	(140, 33.357846657274)	(145, 35.30642767104191)	(150, 29.007593775711896)
SRR15702531_2	(1, 29.57389143904619)	(2, 32.12052144404551)	(3, 31.97315517580936)	(4, 32.10921238012998)	(5, 31.794512869457193)	(6, 36.522481782787196)	(7, 34.655153085185354)	(8, 34.69234498325986)	(9, 34.881758548076775)	(10, 34.895200654456204)	(15, 36.20354345619536)	(20, 35.90849278128739)	(25, 36.018182369070885)	(30, 35.406433971125146)	(35, 35.877919677619715)	(40, 34.97739247678347)	(45, 35.81418442939599)	(50, 33.611280279961825)	(55, 37.43317426411551)	(60, 35.808460967443835)	(65, 35.49004529685346)	(70, 36.589263585268675)	(75, 36.331854747079944)	(80, 34.834315017649104)	(85, 34.246961777939376)	(90, 35.49564756321108)	(95, 36.068919389780184)	(100, 31.759591873835383)	(105, 32.05095062794467)	(110, 33.07426260055447)	(115, 33.51533427259919)	(120, 36.66673938402339)	(125, 35.26275659379782)	(130, 35.20582950809738)	(135, 33.45365631959278)	(140, 32.652019866809994)	(145, 33.374653710613)	(150, 29.94889714378023)
SRR15702532_1	(1, 32.207894927799146)	(2, 32.57540272839417)	(3, 32.72462085480009)	(4, 32.6992507800595)	(5, 32.72878419563167)	(6, 36.252585080908496)	(7, 35.873058921703795)	(8, 32.47715151295262)	(9, 32.63778027719324)	(10, 34.8253954720267)	(15, 37.360097235324)	(20, 37.455630941150865)	(25, 37.00958203323417)	(30, 38.362486394311006)	(35, 37.54630650896162)	(40, 37.64049415862419)	(45, 37.23281873594079)	(50, 37.38427726580075)	(55, 37.00260140773529)	(60, 37.122610841012985)	(65, 37.44187649662579)	(70, 37.232127566939994)	(75, 37.310556200566)	(80, 37.27512335824686)	(85, 37.635251433132574)	(90, 37.126897540091434)	(95, 36.61922937377549)	(100, 37.4670978158334)	(105, 36.1755641825702)	(110, 37.31817538640157)	(115, 36.95505587402946)	(120, 36.26940352659459)	(125, 36.323343734126695)	(130, 34.19230825048981)	(135, 33.89060663231986)	(140, 33.32887308613308)	(145, 35.65249434781422)	(150, 29.810591088866403)
SRR15702532_2	(1, 30.723360060953485)	(2, 30.935391118206226)	(3, 32.222525578695304)	(4, 32.22383172483855)	(5, 31.93083774762354)	(6, 36.601480298962336)	(7, 35.6475310209709)	(8, 35.364142660184314)	(9, 35.24692511428779)	(10, 35.9931100790944)	(15, 36.71006276757855)	(20, 36.118394891517305)	(25, 36.68273528771497)	(30, 35.7372070241637)	(35, 36.23526413177564)	(40, 36.14638995718743)	(45, 36.641952688484146)	(50, 34.740798926057614)	(55, 37.47021442565851)	(60, 36.209075901603654)	(65, 35.863875988680064)	(70, 36.97935563456933)	(75, 37.09545388578478)	(80, 35.63307815107757)	(85, 35.433939844713734)	(90, 36.19986031492635)	(95, 36.473075248530584)	(100, 32.49522531020971)	(105, 32.885099049415864)	(110, 34.115876932007836)	(115, 34.64535048254844)	(120, 37.27845765909585)	(125, 36.01448915173064)	(130, 35.94434003337929)	(135, 34.24833103548364)	(140, 33.666780349756905)	(145, 34.57070984671839)	(150, 30.193346642144384)
SRR15702534_1	(1, 31.698118999776735)	(2, 32.478389893577436)	(3, 32.654312718612786)	(4, 32.67556932350971)	(5, 32.66967142963459)	(6, 35.52361018084394)	(7, 35.32683076579594)	(8, 33.09904554588078)	(9, 33.39163317704845)	(10, 35.52076542382972)	(15, 37.322339435885986)	(20, 37.43451105157401)	(25, 37.15566904815063)	(30, 38.398059462677686)	(35, 37.49585286894396)	(40, 37.691335491553176)	(45, 37.284903624320904)	(50, 37.313245144005364)	(55, 36.7372441765275)	(60, 37.10519275135819)	(65, 37.43907494232344)	(70, 37.22967180174146)	(75, 37.24187690704771)	(80, 37.41597826895884)	(85, 37.56421820346803)	(90, 37.268592319714216)	(95, 36.446476147949696)	(100, 37.95635000372107)	(105, 36.67784475701421)	(110, 37.702288457244926)	(115, 37.45881707226315)	(120, 36.62255153680137)	(125, 36.63052206593734)	(130, 34.72080263451663)	(135, 35.24439048894843)	(140, 33.71019944928183)	(145, 36.38434970870525)	(150, 29.80314918455837)
SRR15702534_2	(1, 32.18616506660713)	(2, 32.19001637270224)	(3, 32.13583761256233)	(4, 32.20159819900275)	(5, 32.483636600431645)	(6, 36.74318114162387)	(7, 36.61852534047779)	(8, 36.55851380516484)	(9, 35.72362692565305)	(10, 35.747728287564186)	(15, 35.74402582421671)	(20, 35.24681290466622)	(25, 36.33531852347995)	(30, 35.424700453970374)	(35, 36.177576840068475)	(40, 36.3111762298132)	(45, 36.65729515516857)	(50, 34.98680136935328)	(55, 37.36753367567165)	(60, 35.90554997395252)	(65, 35.38614832179802)	(70, 36.76704435513879)	(75, 37.16088226538661)	(80, 35.320960779935994)	(85, 35.14713849817668)	(90, 35.969758874748834)	(95, 36.0965133586366)	(100, 31.929584356627224)	(105, 32.27842338319566)	(110, 34.16818114162387)	(115, 34.76449728361986)	(120, 36.65962826523777)	(125, 35.85615650814914)	(130, 36.19713105603929)	(135, 32.91328607576096)	(140, 33.0414675894917)	(145, 35.13971593416691)	(150, 32.567454924939646)
SRR15702535_1	(1, 32.56545046991466)	(2, 32.68835745922005)	(3, 32.78458193799287)	(4, 32.78695851787836)	(5, 32.60772928594577)	(6, 34.965701631198016)	(7, 34.75811548017716)	(8, 32.91991195851788)	(9, 32.412161067300424)	(10, 35.40032677973425)	(15, 37.270106405963055)	(20, 37.43470616830507)	(25, 37.00031867775738)	(30, 38.34438262936156)	(35, 37.42041698174354)	(40, 37.62222372258831)	(45, 37.24203035540672)	(50, 37.32139462028734)	(55, 36.8615291131036)	(60, 36.98295884195743)	(65, 37.464232472723346)	(70, 37.143564329696446)	(75, 37.180293291563146)	(80, 37.279923301285514)	(85, 37.38975640056174)	(90, 36.99457707680674)	(95, 36.220009182240474)	(100, 37.316401101868856)	(105, 36.14934103921357)	(110, 37.25614940045371)	(115, 36.76833207302582)	(120, 36.32364696986065)	(125, 36.498147347952894)	(130, 35.01926109970833)	(135, 34.17576158582694)	(140, 33.12950739980555)	(145, 35.59014828232576)	(150, 28.9309617904527)
SRR15702535_2	(1, 31.771888840877175)	(2, 31.02901858053365)	(3, 31.936831586907207)	(4, 32.44379928702603)	(5, 30.832154045587124)	(6, 35.0710813438479)	(7, 35.16083774440963)	(8, 35.11238792265313)	(9, 34.8430647077887)	(10, 35.36371394620288)	(15, 35.95152047099492)	(20, 35.373509236253646)	(25, 35.90990601706816)	(30, 35.12890245219834)	(35, 35.77576158582694)	(40, 35.98709895214433)	(45, 36.270273846818625)	(50, 34.60936318461704)	(55, 37.786018688560006)	(60, 35.71270119909257)	(65, 35.09383439559253)	(70, 36.54133898671276)	(75, 36.8907097331749)	(80, 35.18560548773901)	(85, 34.6685535270606)	(90, 36.07121637679594)	(95, 36.182208058766335)	(100, 31.850040509884412)	(105, 31.837863238630224)	(110, 33.63302365777249)	(115, 34.35922815166901)	(120, 36.13703413632926)	(125, 35.49125796694394)	(130, 35.88696932051421)	(135, 33.63348006913687)	(140, 33.21156692232905)	(145, 33.83996088080764)	(150, 32.94604549304702)
SRR15702536_1	(1, 31.132673457781348)	(2, 32.299294125518536)	(3, 32.53811220393416)	(4, 32.61511441188278)	(5, 32.704962866318745)	(6, 36.212147062759264)	(7, 35.968921450555335)	(8, 33.08363859895624)	(9, 33.80348002810116)	(10, 35.35865867121638)	(15, 37.36853673223605)	(20, 37.42687759266693)	(25, 37.09931419777867)	(30, 38.39083534055935)	(35, 37.546780074936436)	(40, 37.69799779205138)	(45, 37.24309012444802)	(50, 37.427437943262404)	(55, 36.72082580623577)	(60, 36.86142446139436)	(65, 37.41663488558812)	(70, 37.12169058610999)	(75, 37.2054086377626)	(80, 37.542333232972034)	(85, 37.77471397029306)	(90, 37.39971480663723)	(95, 36.70258597618091)	(100, 38.09396661314064)	(105, 36.73283403586244)	(110, 37.81847651545564)	(115, 37.56694182389937)	(120, 36.51033888665864)	(125, 36.596698949551715)	(130, 34.505402783353404)	(135, 35.50622407333066)	(140, 34.424616954369064)	(145, 36.69443929681141)	(150, 30.761378295854158)
SRR15702536_2	(1, 30.57238558811722)	(2, 30.987693195503812)	(3, 32.31477903786966)	(4, 32.49716897497658)	(5, 31.766634885588118)	(6, 36.59979676836612)	(7, 36.25784072661582)	(8, 36.403013348052994)	(9, 36.21415428877292)	(10, 36.50925163923458)	(15, 36.498313930148534)	(20, 35.657836544894955)	(25, 36.69202796734912)	(30, 35.836398534725014)	(35, 36.26079971229761)	(40, 36.27873093135287)	(45, 37.003804529640036)	(50, 35.56672102903788)	(55, 37.194648233641104)	(60, 36.31917235380704)	(65, 35.71118526696106)	(70, 36.97320771443865)	(75, 37.171838619028506)	(80, 35.37802840224809)	(85, 35.54262344439984)	(90, 35.99472015923993)	(95, 36.266381473303895)	(100, 32.284525960123105)	(105, 33.06168540077613)	(110, 34.34795179312191)	(115, 34.95831242472902)	(120, 37.27364010437575)	(125, 36.0157793054998)	(130, 36.41834437307641)	(135, 33.23906730897899)	(140, 33.42935149872876)	(145, 35.580698856703684)	(150, 29.322367334621973)
SRR15702537_1	(1, 32.27166596397365)	(2, 32.566680720526875)	(3, 32.6865649942573)	(4, 32.60506229736999)	(5, 32.44841021764098)	(6, 34.057048980125906)	(7, 33.98921245075091)	(8, 33.35633804864574)	(9, 32.59565590334821)	(10, 35.88964133579518)	(15, 37.21688207842054)	(20, 37.443094950787255)	(25, 37.190084759315525)	(30, 38.392245176860555)	(35, 37.38610993995609)	(40, 37.65030312722621)	(45, 37.24923891077738)	(50, 37.27990346451885)	(55, 36.805338528415454)	(60, 37.34166872628411)	(65, 37.83110943110943)	(70, 37.45267871421717)	(75, 37.18912812758967)	(80, 37.54653039268423)	(85, 37.39558321096782)	(90, 37.21311370542139)	(95, 36.221115682654144)	(100, 37.89949842257535)	(105, 37.00603928296236)	(110, 37.832179462948694)	(115, 36.85448148525071)	(120, 36.92050942820173)	(125, 36.89494206417283)	(130, 34.537627029934725)	(135, 35.644487736795426)	(140, 34.08275882122037)	(145, 36.63773025311487)	(150, 30.14091419897038)
SRR15702537_2	(1, 31.915662300277685)	(2, 31.27990927990928)	(3, 32.00654231423462)	(4, 32.44028320951398)	(5, 32.00351831121062)	(6, 35.997615689923386)	(7, 36.170783478475784)	(8, 36.30639838332146)	(9, 34.14380006687699)	(10, 36.36759664451972)	(15, 36.2115842577381)	(20, 35.00213134059288)	(25, 36.260738845354226)	(30, 35.17649709957402)	(35, 36.42684965761889)	(40, 36.80487620487621)	(45, 36.780977857900936)	(50, 35.34355291278368)	(55, 37.793873486181184)	(60, 35.726185249262166)	(65, 34.91907593446055)	(70, 36.54619310003925)	(75, 37.55334312257389)	(80, 35.535233996772455)	(85, 35.108276754430605)	(90, 36.52606894145356)	(95, 36.33455359609206)	(100, 32.12289083058314)	(105, 31.66114592268438)	(110, 33.86391114083422)	(115, 35.17072823226669)	(120, 36.18369073753689)	(125, 35.67223587223587)	(130, 36.36236860852246)	(135, 33.71789831789832)	(140, 33.391474637628484)	(145, 34.53435723334529)	(150, 34.36351571427063)
SRR15702538_1	(1, 31.857194986514358)	(2, 32.48027129938125)	(3, 32.601245438679996)	(4, 32.64739013168332)	(5, 32.59586704743773)	(6, 35.36705537045851)	(7, 35.19436776138347)	(8, 33.63411074091702)	(9, 33.181778518165956)	(10, 35.57914326511185)	(15, 37.29695065841663)	(20, 37.44154053625258)	(25, 37.1706298587974)	(30, 38.374136125654445)	(35, 37.4435284785023)	(40, 37.65461526257337)	(45, 37.20469141678566)	(50, 37.28439155957481)	(55, 36.72082817705855)	(60, 36.981654767570994)	(65, 37.604551800729816)	(70, 37.45037759796922)	(75, 37.187014120260194)	(80, 37.42718864033)	(85, 37.56264159923846)	(90, 37.29383785498969)	(95, 36.44281770585435)	(100, 38.146447723306366)	(105, 37.00787402824052)	(110, 37.88845311756306)	(115, 37.389865143582426)	(120, 36.58959701729334)	(125, 36.71394574012375)	(130, 34.49230683801365)	(135, 35.27098683166746)	(140, 34.27926701570681)	(145, 36.594843655540394)	(150, 30.427878207362824)
SRR15702538_2	(1, 30.27994605743297)	(2, 32.312938283357134)	(3, 32.2364429636681)	(4, 32.51719815960654)	(5, 32.56896715849595)	(6, 36.276328732349675)	(7, 36.7263683960019)	(8, 36.33470569570046)	(9, 35.75001586546089)	(10, 36.37131048706965)	(15, 36.45883706171664)	(20, 35.48415516420752)	(25, 36.63155640171347)	(30, 35.707834364588294)	(35, 36.54097731239093)	(40, 37.03792638426146)	(45, 37.10874821513565)	(50, 35.41712200539426)	(55, 37.44380295097572)	(60, 36.002449627161674)	(65, 35.557478978264314)	(70, 36.84165159447882)	(75, 37.502968427732824)	(80, 35.575952720926544)	(85, 35.47768998889417)	(90, 36.33951134380454)	(95, 36.47676661907029)	(100, 32.38887672536887)	(105, 32.814823100111056)	(110, 34.50991908614945)	(115, 34.95564017134698)	(120, 36.71379819133746)	(125, 36.06278280184039)	(130, 36.42464382040298)	(135, 33.86023798191338)	(140, 33.1826796763446)	(145, 35.46631165175101)	(150, 33.55237107186211)
SRR15702540_1	(1, 32.17212346173992)	(2, 32.56782571020247)	(3, 32.71401780922018)	(4, 32.65130400481121)	(5, 32.62168017123753)	(6, 34.941890467475865)	(7, 34.75923926047116)	(8, 32.739005037539044)	(9, 32.76047439520431)	(10, 35.53071346814193)	(15, 37.302523942860475)	(20, 37.384503262437036)	(25, 37.12750987784453)	(30, 38.3864277446181)	(35, 37.457787492159156)	(40, 37.6874721124684)	(45, 37.14837524815861)	(50, 37.35900646020732)	(55, 36.994558940500134)	(60, 37.279533623471444)	(65, 37.50873453656581)	(70, 37.11947180206805)	(75, 37.215866631315514)	(80, 37.40674862098177)	(85, 37.596964543226484)	(90, 37.19424724681355)	(95, 36.22316233291731)	(100, 37.70722780152484)	(105, 36.67646841999754)	(110, 37.60501684568576)	(115, 37.11538227743325)	(120, 36.606249393749316)	(125, 36.73449905909893)	(130, 35.39594798207438)	(135, 34.749839303151205)	(140, 33.390808269582706)	(145, 36.00605577989767)	(150, 29.2622156931516)
SRR15702540_2	(1, 29.683378707829203)	(2, 32.17702520062856)	(3, 32.00340793719566)	(4, 32.14505396439449)	(5, 31.960223488253288)	(6, 35.88383913501769)	(7, 36.25110095124774)	(8, 35.44794650767271)	(9, 35.02331235975401)	(10, 36.20628690045849)	(15, 36.5359993274659)	(20, 35.44546201152362)	(25, 36.5804628845246)	(30, 35.22264370566286)	(35, 36.23131551549092)	(40, 36.1911096165909)	(45, 36.429228073125145)	(50, 35.058352679466374)	(55, 37.61067130542748)	(60, 36.10955968416764)	(65, 35.32008872276722)	(70, 36.79244175143399)	(75, 36.88690433849159)	(80, 35.307460601788684)	(85, 35.189256267823765)	(90, 36.0931459722321)	(95, 36.10805682913107)	(100, 32.182414526736466)	(105, 32.19323844567024)	(110, 34.22926040649513)	(115, 34.66063024204762)	(120, 36.22985275383312)	(125, 35.72228868526051)	(130, 36.233413304535084)	(135, 33.533468271264034)	(140, 33.71555299762673)	(145, 34.34484666248376)	(150, 31.6574219604709)
SRR15702542_1	(1, 32.60337492909813)	(2, 32.7031934203063)	(3, 32.7537266023823)	(4, 32.65844015882019)	(5, 32.58294384571753)	(6, 34.717668746454905)	(7, 34.51538854225752)	(8, 32.65934203062961)	(9, 32.662762336925695)	(10, 35.31894271128758)	(15, 37.2488179239932)	(20, 37.33258763471356)	(25, 37.08669086783891)	(30, 38.35477821894498)	(35, 37.43792285876347)	(40, 37.6688111174135)	(45, 37.08082132728305)	(50, 37.412069200226895)	(55, 36.90132387975043)	(60, 37.32746114577425)	(65, 37.52162336925695)	(70, 37.15239818491208)	(75, 37.049587067498585)	(80, 37.275123085649454)	(85, 37.439421440726036)	(90, 37.22646511627907)	(95, 35.95263754963131)	(100, 37.48968803176403)	(105, 36.628554736245036)	(110, 37.410255246738515)	(115, 36.792488939308)	(120, 36.114385706182645)	(125, 36.566674985819624)	(130, 34.32022688598978)	(135, 35.14744526375497)	(140, 33.613661939875215)	(145, 36.136398607715066)	(150, 30.543530133371267)
SRR15702542_2	(1, 32.018780487804875)	(2, 32.00654566080544)	(3, 31.852456040839478)	(4, 31.87960862166761)	(5, 31.84928530913216)	(6, 35.64874078275666)	(7, 35.492824730572885)	(8, 35.406273397617696)	(9, 34.93138400453772)	(10, 35.84794554736245)	(15, 36.188483267158254)	(20, 35.28434032898468)	(25, 36.250878048780486)	(30, 35.31141349971639)	(35, 35.88807033465683)	(40, 36.535589336358484)	(45, 36.43076574021554)	(50, 34.477665343165064)	(55, 37.45853091321611)	(60, 35.73525921724333)	(65, 34.6489733408962)	(70, 36.434638684061255)	(75, 36.840958593306866)	(80, 35.351043675553036)	(85, 35.24495178672718)	(90, 35.99768576290414)	(95, 36.05874758933636)	(100, 31.82600907543959)	(105, 31.990992626205333)	(110, 34.149716392512765)	(115, 34.263992058990354)	(120, 36.06419171866138)	(125, 35.482515031196826)	(130, 35.962633011911514)	(135, 33.38749404424277)	(140, 33.66365399886557)	(145, 34.00980152078798)	(150, 32.000699069728036)
SRR15702544_1	(1, 31.731034374521812)	(2, 32.45386845791367)	(3, 32.597483413047485)	(4, 32.6522056428989)	(5, 32.69906893345209)	(6, 36.140660496176466)	(7, 35.92456516877298)	(8, 33.45293856844104)	(9, 33.981064782299924)	(10, 35.458295830406996)	(15, 37.35893655171873)	(20, 37.457919951033674)	(25, 37.15944033993934)	(30, 38.3930434850845)	(35, 37.51447135587302)	(40, 37.651974151426806)	(45, 37.248355822010524)	(50, 37.27342203249513)	(55, 36.64236529354296)	(60, 37.01606158457874)	(65, 37.56518446731458)	(70, 37.473487948710904)	(75, 37.213512824235195)	(80, 37.44945913390801)	(85, 37.66133346935093)	(90, 37.45977737582837)	(95, 36.77179570681409)	(100, 38.244938380109)	(105, 36.829286417728326)	(110, 38.0018315291385)	(115, 37.31643942574421)	(120, 36.18004621982273)	(125, 36.56817423853038)	(130, 33.4348900807866)	(135, 35.47390227921011)	(140, 34.69590573981144)	(145, 36.98862149551475)	(150, 31.490824830811512)
SRR15702544_2	(1, 30.972024844135614)	(2, 32.516229906344044)	(3, 32.58144772412494)	(4, 32.43401904507806)	(5, 31.796240421549893)	(6, 36.63349799308664)	(7, 36.39492052780056)	(8, 36.45771357050092)	(9, 36.69632634804547)	(10, 36.69536820876607)	(15, 36.70163181869903)	(20, 35.36210837724478)	(25, 36.69318905006101)	(30, 35.68324982638139)	(35, 36.16547873613503)	(40, 36.76706072531378)	(45, 36.87141551149806)	(50, 35.3006689711185)	(55, 37.236698068419464)	(60, 36.137022548838814)	(65, 35.77796515072449)	(70, 36.84667025020697)	(75, 37.42975097010621)	(80, 35.70667754807372)	(85, 35.67953340735829)	(90, 36.16257606849009)	(95, 36.558061592425915)	(100, 32.13710102052427)	(105, 32.93423288042093)	(110, 34.5545696024232)	(115, 35.38519003880425)	(120, 37.0788601202971)	(125, 35.59674342505366)	(130, 36.332708175572556)	(135, 33.285383471508894)	(140, 32.40284930689884)	(145, 35.81979549664784)	(150, 29.047902250328384)
SRR15702546_1	(1, 32.63909526284005)	(2, 32.656081906661235)	(3, 32.73647880005056)	(4, 32.73378228445431)	(5, 32.54643062792298)	(6, 34.274244062750164)	(7, 34.180287347443226)	(8, 32.96010701796273)	(9, 32.76396359703945)	(10, 35.632581492352855)	(15, 37.225629538081265)	(20, 37.39844248135613)	(25, 37.06180076682163)	(30, 38.34502478828139)	(35, 37.371671137452076)	(40, 37.636449306911224)	(45, 37.05510863306321)	(50, 37.313160962319)	(55, 37.25217055461146)	(60, 37.424577616111684)	(65, 37.84096597053495)	(70, 37.4426723593107)	(75, 37.17691670294791)	(80, 37.31819305366347)	(85, 37.4400292122523)	(90, 37.342370405741335)	(95, 36.45155962529669)	(100, 37.87771020883952)	(105, 37.18292909006643)	(110, 37.789670379057064)	(115, 37.55220285662121)	(120, 36.99878797241689)	(125, 36.85535440922433)	(130, 34.87664705138828)	(135, 35.71434209232757)	(140, 34.30416555482213)	(145, 36.694829739427846)	(150, 32.13777852703427)
SRR15702546_2	(1, 30.700160105613527)	(2, 32.41567771020884)	(3, 32.58621827731977)	(4, 32.10576099321658)	(5, 32.665667176944794)	(6, 36.874527758661856)	(7, 36.715636981587856)	(8, 36.49598331530975)	(9, 34.47615971237167)	(10, 36.641798800612335)	(15, 36.45428703846748)	(20, 35.585374211760744)	(25, 36.31503447888432)	(30, 35.119549738072834)	(35, 36.97443647037344)	(40, 37.31491229302136)	(45, 37.03306742693426)	(50, 34.766043565580105)	(55, 37.83354072159881)	(60, 35.84035363678497)	(65, 35.21402890327654)	(70, 36.848615929104106)	(75, 37.50698004297572)	(80, 35.81707090993357)	(85, 35.65036445093606)	(90, 36.55220987879724)	(95, 36.248356108590926)	(100, 32.26880047189023)	(105, 32.04553038495568)	(110, 34.19377273429491)	(115, 33.25652430375124)	(120, 36.55653132592728)	(125, 36.720258977852055)	(130, 36.601834192379535)	(135, 33.95037709085291)	(140, 33.33720067974664)	(145, 35.0705855764714)	(150, 34.45399763985853)
SRR15702548_1	(1, 30.884847102875522)	(2, 31.674115500936104)	(3, 31.859092218328453)	(4, 32.10503576400557)	(5, 31.742163122269694)	(6, 32.86107244011329)	(7, 33.24807978493591)	(8, 31.451946618021218)	(9, 32.054330084969514)	(10, 35.08522874561951)	(15, 35.44275598867073)	(20, 35.46705150976909)	(25, 36.73255964668043)	(30, 37.36553453986847)	(35, 36.218882914886464)	(40, 36.53853151552974)	(45, 36.490262109356244)	(50, 36.23472948970284)	(55, 36.316374633959)	(60, 37.111391675867694)	(65, 37.21777879122462)	(70, 36.91370553501992)	(75, 36.86456003072344)	(80, 36.840672555326194)	(85, 35.71624261917335)	(90, 36.06942297537324)	(95, 36.017845998751866)	(100, 37.12339542028707)	(105, 36.49831261101243)	(110, 36.998519034131824)	(115, 37.273935480773844)	(120, 37.06559454658922)	(125, 36.759493063223076)	(130, 35.67880082569248)	(135, 35.986899332725265)	(140, 35.60482694061734)	(145, 36.770359080216984)	(150, 35.64809658681772)
SRR15702548_2	(1, 30.335761605299794)	(2, 31.198262205367)	(3, 32.38506312707023)	(4, 31.586889731649944)	(5, 31.61275262829437)	(6, 36.20407085593587)	(7, 36.38417502760309)	(8, 34.68558878594403)	(9, 35.53429984158226)	(10, 36.47479957755269)	(15, 36.640050885699196)	(20, 36.321696029955355)	(25, 35.761857328020746)	(30, 34.70924103499592)	(35, 36.008681772358514)	(40, 35.51400556862369)	(45, 36.40605347798954)	(50, 33.0177211847727)	(55, 35.677615092890406)	(60, 35.546658825788484)	(65, 35.15380202582689)	(70, 36.96948058182517)	(75, 36.93478229561711)	(80, 36.67826316547453)	(85, 35.64813499111901)	(90, 35.71614180788248)	(95, 34.95549901588978)	(100, 34.576122125678076)	(105, 29.918573280207386)	(110, 34.04835101531371)	(115, 33.330154577312655)	(120, 36.750880898660654)	(125, 35.17251452162642)	(130, 36.65544620997552)	(135, 34.63279007248811)	(140, 35.717728385579186)		
SRR15702552_1	(1, 31.83082717254847)	(2, 31.73240340354303)	(3, 31.916306318872927)	(4, 32.185716278420976)	(5, 31.848765518203376)	(6, 34.16984237690055)	(7, 34.587501743618354)	(8, 32.13337982982285)	(9, 32.28974752406193)	(10, 33.96065281071279)	(15, 35.536275631189845)	(20, 35.8650913656019)	(25, 36.301040591435346)	(30, 37.32095410796485)	(35, 36.48172408983122)	(40, 36.43459896777794)	(45, 36.59567024689636)	(50, 36.439336030129724)	(55, 36.75781838471196)	(60, 36.560970846701075)	(65, 37.18532570790905)	(70, 36.833544427395736)	(75, 36.75707072116055)	(80, 36.63342725624216)	(85, 35.78359045892036)	(90, 36.12617659366718)	(95, 36.09616961919376)	(100, 36.49637048402845)	(105, 35.870687683079936)	(110, 36.31186497419445)	(115, 36.63642906960524)	(120, 36.39714883526294)	(125, 36.44189705677221)	(130, 35.06292648905008)	(135, 34.509019389036126)	(140, 35.29226949365322)	(145, 36.13327381782675)	(150, 35.701241456270054)
SRR15702552_2	(1, 30.489468545124844)	(2, 31.340103222206725)	(3, 32.41857999721021)	(4, 31.615539126795927)	(5, 31.653647649602455)	(6, 36.238973357511505)	(7, 36.17238108522807)	(8, 33.57843492816292)	(9, 34.98139210489608)	(10, 36.06693820616543)	(15, 36.77459059840982)	(20, 36.19541916585298)	(25, 36.00014506904729)	(30, 34.76602594504115)	(35, 36.026558794810995)	(40, 35.253647649602456)	(45, 35.64234342307155)	(50, 33.078783651834286)	(55, 35.49084670107407)	(60, 35.09871390710001)	(65, 34.695829264890506)	(70, 37.01353605802762)	(75, 37.5442376900544)	(80, 36.57269354163761)	(85, 35.54152601478588)	(90, 35.35356116613196)	(95, 35.271692007253456)	(100, 33.99616682940439)	(105, 30.80780583065978)	(110, 33.93374808201981)	(115, 34.21693960106012)	(120, 36.75118426558795)	(125, 34.348176872646114)	(130, 35.640396150090666)	(135, 34.92047426419306)	(140, 35.78925931092203)		
SRR15702554_1	(1, 32.10983397190294)	(2, 31.90847995635408)	(3, 31.89901920668576)	(4, 32.23160857543181)	(5, 31.563354784312267)	(6, 31.787895696164863)	(7, 32.726779005319344)	(8, 32.308894096641)	(9, 30.847003682624706)	(10, 34.984877679822446)	(15, 35.47544296891467)	(20, 35.639593795335344)	(25, 36.92553906434053)	(30, 37.39748787957693)	(35, 36.20724373519821)	(40, 36.43104068246352)	(45, 36.454708675867025)	(50, 36.475876948257266)	(55, 36.90115686493323)	(60, 37.52209946806532)	(65, 37.41240436955201)	(70, 37.385492690547935)	(75, 37.01021215390148)	(80, 36.90901313097497)	(85, 35.343376855261695)	(90, 36.17565747870401)	(95, 35.985874592369406)	(100, 37.18864958027998)	(105, 37.44515865044824)	(110, 37.075252018003944)	(115, 36.989490260263615)	(120, 37.49358578531661)	(125, 37.22642562214038)	(130, 35.88180634601793)	(135, 35.70720777690982)	(140, 35.17637416458977)	(145, 36.4291162940644)	(150, 35.66271125494426)
SRR15702554_2	(1, 30.38657639896341)	(2, 31.354474327022032)	(3, 32.42916837158551)	(4, 31.56907091222458)	(5, 31.665984699128323)	(6, 36.29663108036058)	(7, 36.45259085667522)	(8, 34.954432169028756)	(9, 35.77503750821461)	(10, 36.621369142828804)	(15, 36.79515927041873)	(20, 36.28846482907413)	(25, 35.935394115240115)	(30, 34.915138439410285)	(35, 36.461625066646825)	(40, 36.19363662289675)	(45, 36.13406737839279)	(50, 32.93643318578036)	(55, 35.748944190256545)	(60, 35.83450755744027)	(65, 35.17905243710399)	(70, 37.12759984624732)	(75, 36.98802465002666)	(80, 37.10967773933961)	(85, 35.60783890686803)	(90, 36.053324901734676)	(95, 34.64614564346737)	(100, 34.87809892249129)	(105, 30.590474773400786)	(110, 34.51242544854865)	(115, 34.28906992027179)	(120, 36.16876092697988)	(125, 34.24496521965554)	(130, 36.53440216245707)	(135, 34.98243747597614)	(140, 36.257089362546346)		
SRR15702556_1	(1, 31.828214931754644)	(2, 31.76484130899523)	(3, 31.791954448281533)	(4, 32.13149564216412)	(5, 31.246402729814175)	(6, 30.209278901496464)	(7, 31.915721098503536)	(8, 31.7642040782766)	(9, 30.089500082223317)	(10, 34.61384640684098)	(15, 34.841267883571774)	(20, 35.75158691004769)	(25, 36.607239763196844)	(30, 37.29913254398947)	(35, 36.10097434632461)	(40, 36.18265910212136)	(45, 36.23697582634435)	(50, 36.38677026804802)	(55, 36.88046785068245)	(60, 37.21622266074659)	(65, 37.2383859562572)	(70, 37.33521624732774)	(75, 37.044618483802005)	(80, 36.898281532642656)	(85, 35.010923367867136)	(90, 36.25097434632462)	(95, 36.06643644137477)	(100, 37.1727183029107)	(105, 37.38327166584444)	(110, 37.12749547771748)	(115, 37.29379213945075)	(120, 37.53211642821904)	(125, 37.184513237954285)	(130, 36.2630323959875)	(135, 35.85243381022858)	(140, 35.03284821575399)	(145, 36.41778490379871)	(150, 35.42032560434139)
SRR15702556_2	(1, 30.35226525242559)	(2, 31.238591514553526)	(3, 32.39565860878145)	(4, 31.495786054925176)	(5, 31.573404867620457)	(6, 36.19776763690182)	(7, 36.350559118566025)	(8, 34.78225209669462)	(9, 35.51054514060188)	(10, 36.473388422956745)	(15, 36.6265581318862)	(20, 36.20877322808748)	(25, 35.609480348626875)	(30, 34.768796250616674)	(35, 36.510504028942606)	(40, 35.90642575234337)	(45, 36.23594803486269)	(50, 32.16251850024667)	(55, 35.73629748396645)	(60, 35.51548676204571)	(65, 34.99170366716002)	(70, 36.96172093405689)	(75, 36.86336540042756)	(80, 36.90908978786384)	(85, 35.53521213616182)	(90, 36.03340733432002)	(95, 34.50966123992764)	(100, 34.86658033218221)	(105, 29.787818615359317)	(110, 34.34716740667653)	(115, 32.71701611577043)	(120, 36.44857753658938)	(125, 35.11258839006742)	(130, 36.578198487090944)	(135, 35.222533300444006)	(140, 36.22691580332182)		
SRR15702558_1	(1, 29.59026958598268)	(2, 31.307448859222603)	(3, 31.637799579940733)	(4, 31.119573035647495)	(5, 30.48839082774693)	(6, 34.41513939638059)	(7, 34.66651322035849)	(8, 31.734240584630435)	(9, 32.74695744742066)	(10, 34.76745979227206)	(15, 35.412941278015936)	(20, 35.469793135195786)	(25, 36.60592686365336)	(30, 37.439255401789566)	(35, 36.53353281353397)	(40, 36.7929625686912)	(45, 36.76144086083379)	(50, 36.29581379290503)	(55, 35.98911873867135)	(60, 36.48798803118795)	(65, 37.1560088615243)	(70, 36.7086975285554)	(75, 36.84740340075381)	(80, 36.620525361797625)	(85, 36.14036884656328)	(90, 35.974111689731565)	(95, 36.3333947118566)	(100, 37.20942543947982)	(105, 36.10826020657709)	(110, 37.14055873636965)	(115, 37.34179014299277)	(120, 36.6442443248842)	(125, 36.49825358920505)	(130, 35.42413902235521)	(135, 35.501896020945416)	(140, 35.78908421325201)	(145, 36.76639525850907)	(150, 35.7794976551486)
SRR15702558_2	(1, 30.536467474177865)	(2, 31.369191817475617)	(3, 32.419541387346435)	(4, 31.788100238800816)	(5, 31.673073050033086)	(6, 36.23753488505913)	(7, 36.372903300054666)	(8, 34.434962741318294)	(9, 35.57582645222545)	(10, 36.55294760767615)	(15, 36.6990706907961)	(20, 36.35648070892194)	(25, 35.94232528699255)	(30, 34.72707080588083)	(35, 36.208619846361884)	(40, 35.49866789423713)	(45, 36.41150847311333)	(50, 33.3056305204707)	(55, 35.46429783928418)	(60, 35.368317173519)	(65, 35.11650027332624)	(70, 37.056673475846594)	(75, 37.46546594930517)	(80, 36.53073050033087)	(85, 35.79323301780936)	(90, 35.102632563224674)	(95, 35.65553989124493)	(100, 34.02928330983687)	(105, 30.725471128118073)	(110, 34.02828782691257)	(115, 34.89726961475386)	(120, 36.95331012457922)	(125, 34.286566734758466)	(130, 36.330977932502805)	(135, 34.06184078027448)	(140, 34.571136749431766)		
SRR15702559_1	(1, 32.06669599509796)	(2, 31.696230772856538)	(3, 31.78663566232501)	(4, 32.06301946674627)	(5, 31.914340031737552)	(6, 33.86923185696105)	(7, 33.97428001319779)	(8, 31.8621773217905)	(9, 32.81581221424419)	(10, 33.57276226687825)	(15, 35.545395698147594)	(20, 35.586365421779504)	(25, 36.06514682545917)	(30, 36.94729995129386)	(35, 36.37056263453108)	(40, 36.441029427938474)	(45, 36.34257388407938)	(50, 36.23717692899901)	(55, 36.18277059405786)	(60, 36.38260719279778)	(65, 36.52530991248606)	(70, 36.289550175185006)	(75, 36.17449997643251)	(80, 36.36688296384747)	(85, 35.256750514556856)	(90, 35.942655584709414)	(95, 35.51453485631687)	(100, 35.764724181815325)	(105, 34.527518971829)	(110, 36.16022750483133)	(115, 35.560887394535484)	(120, 34.820984492591954)	(125, 35.61059280091756)	(130, 33.90650934058165)	(135, 33.27768158750609)	(140, 34.195855264191565)	(145, 34.96330384778544)	(150, 34.909752227127754)
SRR15702559_2	(1, 30.39123603626251)	(2, 31.242226656401716)	(3, 32.20751960029538)	(4, 31.56162898486967)	(5, 31.533253727591244)	(6, 36.13867110782912)	(7, 35.973588700174396)	(8, 33.04612943265197)	(9, 34.64699043159929)	(10, 35.91778402752683)	(15, 36.55722029317957)	(20, 36.15247222964162)	(25, 35.240884880669945)	(30, 34.3747167973353)	(35, 35.70883466620579)	(40, 35.31793485945921)	(45, 35.66843998931607)	(50, 31.857847188398505)	(55, 35.3983219947523)	(60, 34.923631907238374)	(65, 34.89230285795089)	(70, 36.67998177447483)	(75, 37.31391895925967)	(80, 36.73728848178233)	(85, 35.55422879318743)	(90, 35.42306785865791)	(95, 35.09400285952205)	(100, 34.08102502867378)	(105, 31.319672569013466)	(110, 34.326095495467186)	(115, 34.74607758417521)	(120, 36.95342121388283)	(125, 34.00544566122519)	(130, 35.888560340628786)	(135, 34.50627052335538)	(140, 35.02672553301805)		
SRR15702560_1	(1, 31.75149108157795)	(2, 31.66876236720603)	(3, 31.72639880994148)	(4, 31.27014889765216)	(5, 31.37228623152813)	(6, 33.11109084019816)	(7, 34.3311814979581)	(8, 31.775979903728757)	(9, 31.88110641761511)	(10, 33.88873233506884)	(15, 35.47593920597275)	(20, 35.9084974107807)	(25, 36.55976816312783)	(30, 37.27747449373395)	(35, 36.406160798237366)	(40, 36.52906240790379)	(45, 36.42874384271019)	(50, 36.30735787361242)	(55, 36.66700254010132)	(60, 36.87840352526769)	(65, 37.186510798939054)	(70, 37.138220806376914)	(75, 36.69874398304728)	(80, 36.55932469792442)	(85, 35.77062744712801)	(90, 36.254369395287476)	(95, 36.09668102782884)	(100, 36.72883506181849)	(105, 36.16018075417152)	(110, 36.63056822487615)	(115, 36.87461723058787)	(120, 36.60943626591072)	(125, 36.62526628962769)	(130, 35.01402528874356)	(135, 34.897332191925)	(140, 35.0450061046634)	(145, 36.170450622394995)	(150, 35.602803935051995)
SRR15702560_2	(1, 30.420337651037794)	(2, 31.291452067867016)	(3, 32.397055727858316)	(4, 31.661927950938153)	(5, 31.588096608052542)	(6, 36.181203250207)	(7, 36.21259665717052)	(8, 33.93221718568)	(9, 35.220834444335296)	(10, 36.30253308446889)	(15, 36.67565572505158)	(20, 36.1700436448349)	(25, 35.689748375598185)	(30, 34.55144898045104)	(35, 36.04820859705012)	(40, 35.657077901118484)	(45, 35.80620570610607)	(50, 32.64869416338043)	(55, 35.482391905356664)	(60, 35.39555412099863)	(65, 34.84493593611855)	(70, 36.874033428294766)	(75, 37.4481721094068)	(80, 36.72223079837771)	(85, 35.666817295142934)	(90, 35.414886958474256)	(95, 35.29197412184067)	(100, 33.84890747575677)	(105, 31.051526165850373)	(110, 34.14484191026846)	(115, 34.23654658489692)	(120, 36.796688044683336)	(125, 33.7898788890916)	(130, 35.736764107385945)	(135, 34.8685462480879)	(140, 35.97189048093521)		
SRR15702561_1	(1, 31.893732603034927)	(2, 31.545613720032325)	(3, 31.69574391667415)	(4, 31.209841070306187)	(5, 31.469740504624227)	(6, 34.71657537936608)	(7, 34.66494567657358)	(8, 30.654664631408817)	(9, 32.76991110712041)	(10, 33.44415013019663)	(15, 35.29769237676214)	(20, 35.80974230043997)	(25, 36.77207506509832)	(30, 37.234434766992905)	(35, 36.53634731076591)	(40, 36.71081081081081)	(45, 36.416449672263624)	(50, 36.218909939840174)	(55, 36.21875729550148)	(60, 35.85834605369489)	(65, 36.86379635449403)	(70, 36.046816916584355)	(75, 35.975244679895845)	(80, 36.620678818353234)	(85, 35.65794199515129)	(90, 35.71697045883092)	(95, 35.56033940917662)	(100, 36.01723983119332)	(105, 34.56353596121038)	(110, 36.238780641106224)	(115, 36.377821675496094)	(120, 34.805441321720394)	(125, 35.307326928257154)	(130, 33.49556433509922)	(135, 33.50552213342911)	(140, 33.76289844661938)	(145, 35.249304121397145)	(150, 35.49919188291281)
SRR15702561_2	(1, 30.641016431714107)	(2, 31.551854179761158)	(3, 32.42102900242435)	(4, 31.688605549070665)	(5, 31.724297387088086)	(6, 36.317500224476966)	(7, 36.1945766364371)	(8, 33.28715093831373)	(9, 34.74674508395439)	(10, 36.00039507946485)	(15, 36.817428391846995)	(20, 36.26856424530844)	(25, 35.92393822393823)	(30, 34.62559935350633)	(35, 36.357825267127595)	(40, 35.390967046781)	(45, 35.652985543683215)	(50, 32.67666337433779)	(55, 35.491487833348295)	(60, 35.55517643889737)	(65, 35.080748855167464)	(70, 37.18643261201401)	(75, 37.71961928706115)	(80, 37.28199694711322)	(85, 36.0943252222322)	(90, 35.54001975397324)	(95, 35.85865134237227)	(100, 34.24330609679448)	(105, 32.794172577893505)	(110, 34.973269282571614)	(115, 35.23142677561282)	(120, 37.08017419412768)	(125, 34.3036275478136)	(130, 36.32890365448505)	(135, 34.64708628894676)	(140, 36.184924126784594)		
SRR15702562_1	(1, 32.0380601697434)	(2, 31.8068425745517)	(3, 31.805290446154356)	(4, 31.651167398698853)	(5, 31.607724315577425)	(6, 32.322413394537826)	(7, 33.15699613619101)	(8, 31.90409827944916)	(9, 30.9932300782669)	(10, 34.24263069251346)	(15, 35.396664575146126)	(20, 35.65216142135333)	(25, 36.80255605825435)	(30, 37.380512532611206)	(35, 36.26210495029887)	(40, 36.42749578943892)	(45, 36.4226148409894)	(50, 36.54635580066709)	(55, 37.08606386843235)	(60, 37.509378818400975)	(65, 37.46324758099138)	(70, 37.345315544400776)	(75, 36.97088933654767)	(80, 36.89762557379215)	(85, 35.665714474422906)	(90, 36.503870413790835)	(95, 36.19374195039794)	(100, 37.22212938806511)	(105, 37.1844754136257)	(110, 37.02526666886827)	(115, 37.44002509824643)	(120, 37.4438624880288)	(125, 37.34259106370332)	(130, 36.116855453914994)	(135, 35.288084937749744)	(140, 34.995105841947094)	(145, 36.42082824213203)	(150, 35.7949539315082)
SRR15702562_2	(1, 30.45611109276444)	(2, 31.382632673953964)	(3, 32.45216472375417)	(4, 31.530481159803177)	(5, 31.646890789604043)	(6, 36.21376440672369)	(7, 36.34592648855718)	(8, 34.64358838875863)	(9, 35.57233909051881)	(10, 36.51083187477296)	(15, 36.67667184042799)	(20, 36.144757438657905)	(25, 35.806020276741194)	(30, 34.78822694098609)	(35, 36.43005845249496)	(40, 35.96270268485189)	(45, 35.58622898847462)	(50, 32.556438030448135)	(55, 35.64463194742577)	(60, 35.80231828539348)	(65, 34.927333971797495)	(70, 37.12807040718602)	(75, 37.211918364651105)	(80, 37.08162213929527)	(85, 35.75022621445791)	(90, 35.93839371222879)	(95, 34.86695617714078)	(100, 34.668211089462034)	(105, 30.80581883028962)	(110, 34.43752848320729)	(115, 34.327852448730226)	(120, 35.966625937056236)	(125, 33.93377365344605)	(130, 36.469429675374)	(135, 34.82855255770945)	(140, 36.336415574122384)		
SRR15702563_1	(1, 31.842797637257902)	(2, 31.610547619607935)	(3, 31.66707457698915)	(4, 30.966465064834207)	(5, 31.40114842444638)	(6, 34.718000611865484)	(7, 35.58917939425317)	(8, 32.61977266843951)	(9, 32.89042901183724)	(10, 34.33231826418469)	(15, 35.335542324618174)	(20, 36.008754383074866)	(25, 36.71042289318241)	(30, 36.98324429906101)	(35, 36.278243475395946)	(40, 36.55139434730426)	(45, 36.36171604734898)	(50, 36.43645306285741)	(55, 36.46727225660696)	(60, 36.96615913209234)	(65, 37.11995858141341)	(70, 37.05271927140941)	(75, 36.130012001976795)	(80, 36.48472454286589)	(85, 35.99240816134422)	(90, 36.6228084625703)	(95, 36.285449368131225)	(100, 36.27737274374603)	(105, 34.88454098322077)	(110, 36.23298425623044)	(115, 36.188953474689946)	(120, 35.58731085119902)	(125, 36.33202645141553)	(130, 34.559301532017045)	(135, 35.16432353564117)	(140, 35.022639022897884)	(145, 35.345572211893725)	(150, 35.54907867178123)
SRR15702563_2	(1, 30.625091191490363)	(2, 31.43993128279952)	(3, 32.44609700421246)	(4, 31.653943002376863)	(5, 31.641823359141505)	(6, 36.15223683900878)	(7, 36.23024968818394)	(8, 34.149224578165814)	(9, 35.35252865177794)	(10, 36.38271244675593)	(15, 36.70310404066552)	(20, 36.211456004518396)	(25, 35.942075165321356)	(30, 34.80317228720024)	(35, 35.90264749488151)	(40, 36.137622667262846)	(45, 36.29526745581626)	(50, 33.75097074812322)	(55, 35.118005318523046)	(60, 34.81304214811852)	(65, 35.22837643847222)	(70, 36.69769609112089)	(75, 37.142395218035915)	(80, 36.88858400207093)	(85, 35.36763231591085)	(90, 35.57274374602876)	(95, 35.84259995764008)	(100, 34.15761184195044)	(105, 32.80387828583532)	(110, 34.35563033911468)	(115, 35.228475278281124)	(120, 36.936526016049704)	(125, 33.88479514272939)	(130, 35.57834466853363)	(135, 34.9759019132563)	(140, 36.324947638434566)		
SRR15702564_1	(1, 31.660778106810987)	(2, 31.69039109568059)	(3, 31.764852445624424)	(4, 32.22189318901256)	(5, 31.801245787807616)	(6, 33.4569794751353)	(7, 34.092290411518434)	(8, 31.756193199223937)	(9, 31.879750842438476)	(10, 33.42723169610947)	(15, 35.63331359134075)	(20, 35.761539875421214)	(25, 36.37641580720923)	(30, 37.13960175635658)	(35, 36.40547738180332)	(40, 36.55397937302155)	(45, 36.30111712447666)	(50, 36.29162871438783)	(55, 36.440318594914736)	(60, 36.6101296844685)	(65, 36.91536812008577)	(70, 36.80822219953027)	(75, 36.55080976207495)	(80, 36.48189931583784)	(85, 35.83212907178597)	(90, 36.1821382620239)	(95, 35.91263964055958)	(100, 36.50144388849178)	(105, 35.96141733891555)	(110, 36.74752169917288)	(115, 36.59625446747677)	(120, 36.39199019707955)	(125, 36.450828142550805)	(130, 34.77711426529153)	(135, 34.68240580006127)	(140, 34.658470335954256)	(145, 35.499769222914324)	(150, 35.32075972633514)
SRR15702564_2	(1, 30.31107934238742)	(2, 31.23906872255693)	(3, 32.31575615235372)	(4, 31.609619115694883)	(5, 31.584151945267028)	(6, 36.15560093944654)	(7, 36.22599816195242)	(8, 33.85428367201062)	(9, 35.23667926069641)	(10, 36.293695496783414)	(15, 36.57236393342183)	(20, 36.12567752476259)	(25, 35.315102624323494)	(30, 34.30568365158787)	(35, 35.693703665883795)	(40, 35.691845195547835)	(45, 35.72930460533034)	(50, 32.264364341876856)	(55, 35.227877055039315)	(60, 35.2123761870724)	(65, 34.646269784539975)	(70, 36.52122128050648)	(75, 37.17345859287246)	(80, 36.553415705095475)	(85, 35.32764219340345)	(90, 35.156274890227714)	(95, 35.31954253037884)	(100, 33.697800469723276)	(105, 31.318835903196163)	(110, 34.22540998672521)	(115, 34.464286735423265)	(120, 36.76669866230982)	(125, 33.50375165934851)	(130, 35.39007045849076)	(135, 34.649157561523545)	(140, 35.80925150617788)		
SRR15702566_1	(1, 31.90510789162691)	(2, 31.760812610595952)	(3, 31.667114782184594)	(4, 32.15848907952904)	(5, 31.119834426526772)	(6, 32.30071469214464)	(7, 32.87438800967929)	(8, 32.297507018739566)	(9, 31.222855141969248)	(10, 34.802392311588264)	(15, 35.37672091990821)	(20, 35.71592519180386)	(25, 36.8320754834958)	(30, 37.36022985199683)	(35, 36.189317759755895)	(40, 36.29714936002851)	(45, 36.311010510914215)	(50, 36.44569902894409)	(55, 36.663838328258166)	(60, 37.17310931725953)	(65, 37.3384314289466)	(70, 37.32198913267763)	(75, 37.04049922152955)	(80, 36.67735682709203)	(85, 35.49565369632774)	(90, 36.23958256476312)	(95, 35.879051329027256)	(100, 37.18417672842323)	(105, 37.02185469802224)	(110, 36.883110630342216)	(115, 36.91764720594764)	(120, 37.068845550212906)	(125, 37.11738083774675)	(130, 36.04647062133822)	(135, 35.588391098549984)	(140, 35.20105796947395)	(145, 36.407469564619305)	(150, 35.927674155406464)
SRR15702566_2	(1, 30.302634293967948)	(2, 31.220760462455214)	(3, 32.365637251530366)	(4, 31.55899805538708)	(5, 31.558197700229478)	(6, 36.16755560279874)	(7, 36.27270851440327)	(8, 34.446466869673415)	(9, 35.418592000200086)	(10, 36.43523188414859)	(15, 36.530721757780015)	(20, 36.10702249123048)	(25, 35.64174352368864)	(30, 34.58604130582946)	(35, 36.273435086819774)	(40, 35.653630048333945)	(45, 35.77795771873769)	(50, 32.873317534656)	(55, 35.546333685572975)	(60, 35.449995935696464)	(65, 35.00356908378093)	(70, 36.97613566019921)	(75, 37.00078534849839)	(80, 36.89209586754122)	(85, 35.53944312788799)	(90, 35.87617380212469)	(95, 34.77965347122786)	(100, 34.46050810046958)	(105, 30.485594232440643)	(110, 34.26487503829824)	(115, 33.89847119659348)	(120, 36.13001644479738)	(125, 34.639297438238216)	(130, 36.541739146746366)	(135, 35.11098299870567)	(140, 35.825691400558995)		
SRR15702567_1	(1, 30.69028914170225)	(2, 31.559083352348665)	(3, 31.814258239071616)	(4, 31.741663135247904)	(5, 31.828699025328422)	(6, 33.922091469178866)	(7, 34.48821592724191)	(8, 32.34713303126121)	(9, 33.25276265606154)	(10, 34.52981060729537)	(15, 35.542634547054796)	(20, 35.800593278351855)	(25, 36.68028164422857)	(30, 37.39210483424064)	(35, 36.48064021905661)	(40, 36.64848583629429)	(45, 36.562890765068296)	(50, 36.179567754343644)	(55, 36.221097238973826)	(60, 36.54288880920559)	(65, 37.04744270952179)	(70, 36.96588323499691)	(75, 36.99582097336767)	(80, 36.45355804022557)	(85, 35.8802164488053)	(90, 36.084597581249795)	(95, 36.053082113635625)	(100, 37.232402125370804)	(105, 36.29868631222089)	(110, 37.16311894904978)	(115, 37.26295922026274)	(120, 36.56478143234345)	(125, 36.820771261857416)	(130, 35.42035401114842)	(135, 35.578029142354204)	(140, 35.45197379143984)	(145, 36.62787104345274)	(150, 36.05359063793722)
SRR15702567_2	(1, 30.4290184829025)	(2, 31.28144864230531)	(3, 32.41151351175147)	(4, 31.74039182449392)	(5, 31.669817778791927)	(6, 36.23763731786028)	(7, 36.43762427877563)	(8, 34.67262118199302)	(9, 35.715650161358674)	(10, 36.64270300224924)	(15, 36.72634873031913)	(20, 36.314783062229026)	(25, 35.73189034129804)	(30, 34.62596733709294)	(35, 36.10741597939825)	(40, 35.89566124458064)	(45, 36.20575023633341)	(50, 32.857013397659486)	(55, 35.40131042800795)	(60, 35.38791276852365)	(65, 35.01577729243407)	(70, 36.712188284382435)	(75, 37.304762525670704)	(80, 36.578694135671675)	(85, 35.58231900120611)	(90, 35.16968412817421)	(95, 35.4787104345275)	(100, 33.915448055546506)	(105, 31.209909704338752)	(110, 34.22684747530724)	(115, 34.580519607523556)	(120, 36.52089187339048)	(125, 33.52696156729798)	(130, 36.08144864230532)	(135, 34.43224565635492)	(140, 35.334778498549404)		
SRR15702568_1	(1, 31.622641283309665)	(2, 31.69150472492375)	(3, 31.881436472696112)	(4, 31.757276142880254)	(5, 31.558787399404366)	(6, 32.51836338468729)	(7, 33.26409836949683)	(8, 32.19243053433285)	(9, 31.430750055428717)	(10, 34.98254564629887)	(15, 35.15854890610675)	(20, 35.55889885607109)	(25, 36.73768613562958)	(30, 37.33550613910511)	(35, 36.20791102642002)	(40, 36.37198962134695)	(45, 36.48023322007898)	(50, 36.36207117646707)	(55, 36.434778075395045)	(60, 36.90601566385628)	(65, 37.34720429527628)	(70, 37.18484788561909)	(75, 36.904831586579654)	(80, 36.619077066891975)	(85, 35.46171583343819)	(90, 35.993851906448306)	(95, 35.88539737897064)	(100, 37.04641870554467)	(105, 36.953518974598666)	(110, 36.96406181650397)	(115, 36.63515918528772)	(120, 37.10751373733379)	(125, 36.79049502339991)	(130, 35.55336077803945)	(135, 35.46347517093018)	(140, 35.1582852451747)	(145, 36.337364948676004)	(150, 35.56977127414145)
SRR15702568_2	(1, 30.443453718517986)	(2, 31.32323032580102)	(3, 32.41217394430762)	(4, 31.598534284909608)	(5, 31.63124621736447)	(6, 36.22819853668183)	(7, 36.31149142203127)	(8, 34.50085390188218)	(9, 35.46350992623486)	(10, 36.46384789161139)	(15, 36.69821609410299)	(20, 36.270880447744204)	(25, 35.87591757000497)	(30, 34.76080560399326)	(35, 36.29207519130398)	(40, 35.713691792355036)	(45, 36.17471251969967)	(50, 33.31635476776865)	(55, 35.64025503202881)	(60, 35.46850390397948)	(65, 35.05561927361413)	(70, 37.062131698635554)	(75, 36.95954482535459)	(80, 36.90406696987674)	(85, 35.50856358722682)	(90, 35.833989489516476)	(95, 34.858376927271536)	(100, 34.476372984342134)	(105, 30.461296372864496)	(110, 34.2698413839802)	(115, 34.45649894236013)	(120, 36.52040555845183)	(125, 34.450392794865806)	(130, 36.38279372726673)	(135, 34.67032436286935)	(140, 35.60090124100407)		
SRR15702628_1	(1, 30.790139761241214)	(2, 31.705929453849674)	(3, 31.722120544070545)	(4, 31.502714113389626)	(5, 31.210296992637577)	(6, 32.04394575932781)	(7, 33.21696268874007)	(8, 31.688854456969345)	(9, 30.971371823135478)	(10, 33.776196913605915)	(15, 34.21627012187513)	(20, 34.510415540118956)	(25, 35.91118089929704)	(30, 37.07678757123248)	(35, 36.03390457967639)	(40, 36.5742543987355)	(45, 35.963826379934275)	(50, 35.1504866686078)	(55, 35.87033401272826)	(60, 36.88980283682043)	(65, 37.35393910403061)	(70, 36.77771307349944)	(75, 36.733806829998755)	(80, 36.58662909196789)	(85, 36.48893140884323)	(90, 36.11617445197787)	(95, 35.55286593735701)	(100, 37.073898756291335)	(105, 36.25773678299572)	(110, 36.662499480054905)	(115, 36.39957988436421)	(120, 36.834293498606556)	(125, 36.489345285137894)	(130, 35.37529220914272)	(135, 35.07093922881744)	(140, 35.56208768354061)	(145, 36.03916642402562)	(150, 35.18285429058692)
SRR15702628_2	(1, 29.451468324944887)	(2, 31.173245705253525)	(3, 32.19255646603719)	(4, 31.294767272576017)	(5, 31.355985607919802)	(6, 36.12391331475396)	(7, 35.83743396697309)	(8, 33.28445156191506)	(9, 34.95981864315128)	(10, 36.51611205856661)	(15, 36.03274198244665)	(20, 36.04216338754627)	(25, 35.66381390125203)	(30, 33.738475936941065)	(35, 35.422143421654674)	(40, 34.8775404517283)	(45, 34.980639324487335)	(50, 32.29319703839275)	(55, 35.13419574892892)	(60, 35.577775466910694)	(65, 34.17124079697184)	(70, 36.358445988103654)	(75, 36.548471361424234)	(80, 36.491932531924625)	(85, 35.01602470779086)	(90, 35.325389958820345)	(95, 35.27963687034649)	(100, 34.296924004825094)	(105, 30.260534087600348)	(110, 34.79495445280978)	(115, 33.79198660621439)	(120, 36.317657335385384)	(125, 34.276186514704044)	(130, 36.488968844889975)	(135, 34.06145958986731)	(140, 34.67565825048875)		
SRR15702629_1	(1, 30.824119061013654)	(2, 31.636986651664706)	(3, 31.377353858742904)	(4, 32.34921495422697)	(5, 30.803109497263847)	(6, 33.986109548406894)	(7, 34.213286963637294)	(8, 31.88719889531018)	(9, 31.2883035851276)	(10, 34.06300823403058)	(15, 34.43704393187746)	(20, 34.133599959085565)	(25, 35.88965376157112)	(30, 36.945712678361375)	(35, 35.77217409093234)	(40, 36.52653403569785)	(45, 35.75606403109498)	(50, 34.80160793740091)	(55, 35.80923438858487)	(60, 36.49510356467039)	(65, 37.15238173170358)	(70, 36.626578018718355)	(75, 36.3082452820539)	(80, 36.255574080703724)	(85, 36.328197207589625)	(90, 35.89757070526262)	(95, 35.338949521812516)	(100, 36.92363524778806)	(105, 36.062515215056514)	(110, 36.40743006188309)	(115, 36.16019229785711)	(120, 36.56484426942157)	(125, 36.11539303431698)	(130, 34.821136398506624)	(135, 34.520544162021174)	(140, 35.048788421214134)	(145, 35.807873983531934)	(150, 33.635084130312485)
SRR15702629_2	(1, 29.423853117168722)	(2, 31.173640873523244)	(3, 32.18082135733647)	(4, 31.186651664706183)	(5, 31.314468368025366)	(6, 36.10322712627218)	(7, 35.85709609778551)	(8, 33.08156293151946)	(9, 34.895606812253874)	(10, 36.53429755024804)	(15, 35.9924942464072)	(20, 35.989734567585536)	(25, 35.68439625632895)	(30, 33.81499514141052)	(35, 35.40088579757582)	(40, 34.82772976013911)	(45, 34.94848054007058)	(50, 32.38039789290646)	(55, 34.979614381424845)	(60, 35.5597688334271)	(65, 34.03880529841968)	(70, 36.23859458906562)	(75, 36.71549736613307)	(80, 36.5131631974633)	(85, 34.984376821971054)	(90, 35.09576024139518)	(95, 35.46678259090677)	(100, 34.25765867130363)	(105, 30.052110673553933)	(110, 34.53425049864471)	(115, 33.65582365877359)	(120, 36.338605840535976)	(125, 33.97669104485245)	(130, 36.313607119112156)	(135, 33.91947629519767)	(140, 34.86904311358871)		
SRR15702630_1	(1, 31.685800011216422)	(2, 31.818022918886584)	(3, 31.612397883835268)	(4, 31.71933710952835)	(5, 31.17277026900716)	(6, 34.27203559344213)	(7, 34.14707531826594)	(8, 32.019441796122855)	(9, 31.752537715215073)	(10, 33.57273475034116)	(15, 34.76375600545866)	(20, 34.3333426803507)	(25, 35.870964425251906)	(30, 37.04661918381844)	(35, 36.100276671714056)	(40, 36.64271399996261)	(45, 35.775045333034235)	(50, 35.50894135681304)	(55, 36.140287514254204)	(60, 36.869723141345595)	(65, 37.33397827753164)	(70, 36.81202026433365)	(75, 36.78213037219823)	(80, 36.351315125343504)	(85, 36.533023012356765)	(90, 36.340801600209375)	(95, 35.651756304563214)	(100, 36.601299235413975)	(105, 35.85583908174901)	(110, 36.438324640607185)	(115, 36.4271418690296)	(120, 36.32133737124484)	(125, 36.362980203017216)	(130, 34.71330454451984)	(135, 34.87872244966631)	(140, 35.62796814536481)	(145, 36.16824070439123)	(150, 35.37016058175836)
SRR15702630_2	(1, 29.6804628643)	(2, 31.32436954367861)	(3, 32.16621800983306)	(4, 31.313629820724206)	(5, 31.39646308862842)	(6, 36.10984614809414)	(7, 35.792412091301664)	(8, 32.72200100947788)	(9, 34.61806217635952)	(10, 36.389621071915954)	(15, 35.98505598863402)	(20, 36.070921428972014)	(25, 35.86947077187669)	(30, 34.00179462733442)	(35, 35.20801039388332)	(40, 35.17478548595144)	(45, 34.86558615145907)	(50, 33.69823154431421)	(55, 35.12632307030826)	(60, 35.666014244854466)	(65, 34.39011085562597)	(70, 36.36005458658143)	(75, 36.94097732413587)	(80, 36.47242816817153)	(85, 35.045177873740485)	(90, 35.190555773652626)	(95, 35.64864561718356)	(100, 34.333402501261844)	(105, 31.594644159048848)	(110, 34.72252257304694)	(115, 34.229602004000526)	(120, 36.28854990372572)	(125, 34.30188809750808)	(130, 36.31862860561195)	(135, 33.95783186585161)	(140, 35.423784420391456)		
SRR15702631_1	(1, 30.706266167065937)	(2, 31.517639591310225)	(3, 31.0784345843827)	(4, 32.339776271695435)	(5, 30.80115617982896)	(6, 34.16641072367029)	(7, 34.946934485418076)	(8, 30.893302483670837)	(9, 31.388378140420567)	(10, 32.923324938403056)	(15, 35.108110321669166)	(20, 34.2645549663179)	(25, 35.33739156548387)	(30, 36.75359719349973)	(35, 35.93881665608769)	(40, 36.41159592402247)	(45, 35.59533569483405)	(50, 34.81599814356014)	(55, 35.97919558822526)	(60, 36.603501300190416)	(65, 37.12245677975934)	(70, 36.48590265975962)	(75, 36.05703092473912)	(80, 36.334246537944395)	(85, 36.31715500590376)	(90, 36.29550973607158)	(95, 35.579804391299305)	(100, 36.63946709255581)	(105, 35.08455264576807)	(110, 36.17825098793996)	(115, 35.794855204515514)	(120, 36.02966072196401)	(125, 36.01297869871755)	(130, 34.53969300490728)	(135, 34.52913177310482)	(140, 35.35941631346533)	(145, 36.1591214671335)	(150, 35.437089211490814)
SRR15702631_2	(1, 29.423773350532702)	(2, 31.170512636758875)	(3, 32.15367500017063)	(4, 31.22359180163394)	(5, 31.32002429752179)	(6, 36.143355378556755)	(7, 35.833268494440915)	(8, 32.77423780175679)	(9, 34.79244046765904)	(10, 36.428863544844624)	(15, 35.884956694445016)	(20, 35.87352457394022)	(25, 35.27642253117385)	(30, 33.52837281680624)	(35, 35.235639550359345)	(40, 34.88179255649515)	(45, 35.38859654511081)	(50, 32.11030255874745)	(55, 35.03109673280234)	(60, 35.33916610359207)	(65, 34.03532149852918)	(70, 35.85897336145294)	(75, 37.04684234593938)	(80, 36.1115747660681)	(85, 34.81555177897445)	(90, 35.05028221981067)	(95, 35.695382788345384)	(100, 34.20549560801818)	(105, 30.37233495089307)	(110, 34.15800487315465)	(115, 34.17198413835937)	(120, 36.67947200666134)	(125, 33.75273859006122)	(130, 35.84170164554284)	(135, 33.81171741163141)	(140, 34.62586594047107)		
SRR15702632_1	(1, 31.491654021244308)	(2, 31.961125309480074)	(3, 31.918766472326492)	(4, 31.7491015094641)	(5, 31.49138447408354)	(6, 33.05486782205894)	(7, 31.905858158294066)	(8, 29.492832042169155)	(9, 29.492562495008386)	(10, 34.41962103665841)	(15, 32.41216556185608)	(20, 29.432583260122993)	(25, 33.716236722306526)	(30, 34.78081023879882)	(35, 33.840949205335036)	(40, 35.18463980512739)	(45, 32.716342544525205)	(50, 30.59179178979315)	(55, 33.918500918456985)	(60, 35.82016412427122)	(65, 36.84317746186407)	(70, 35.75136570561457)	(75, 34.66042249021643)	(80, 34.54869818704576)	(85, 34.6899808322019)	(90, 35.19504632217874)	(95, 33.47133415861353)	(100, 35.577607619199746)	(105, 34.3386191198786)	(110, 34.01613289673348)	(115, 33.991536219151826)	(120, 35.56652823256928)	(125, 35.1467953837553)	(130, 32.729304767989774)	(135, 33.61814152224263)	(140, 33.61686566568166)	(145, 33.74053989297979)	(150, 33.02778332401565)
SRR15702632_2	(1, 27.511620477597635)	(2, 30.623282884753614)	(3, 31.846348135132978)	(4, 30.161748262918298)	(5, 30.90566847695871)	(6, 35.85548278891462)	(7, 35.28812594840668)	(8, 32.05131379282805)	(9, 34.21378084817506)	(10, 36.26467933871096)	(15, 35.09388826771025)	(20, 35.43307842824056)	(25, 35.25644716875649)	(30, 32.81381279450523)	(35, 34.46715517929878)	(40, 33.6716037057743)	(45, 33.02058142320901)	(50, 31.505768309240477)	(55, 34.9544644996406)	(60, 35.02612011820142)	(65, 33.29084338311637)	(70, 35.660170912866384)	(75, 35.625596997044966)	(80, 36.06799377046562)	(85, 33.78700782685089)	(90, 34.6903761680377)	(95, 33.20386949924127)	(100, 30.597590048718153)	(105, 28.284176583339985)	(110, 33.59336314990815)	(115, 32.158948965737565)	(120, 35.76016292628384)	(125, 32.763419455315066)	(130, 35.71496885232809)	(135, 32.60672869579107)	(140, 33.53946370098235)		
SRR15702633_1	(1, 30.41718360973963)	(2, 31.796837855706066)	(3, 31.93902181710765)	(4, 31.847856972049907)	(5, 30.051652107861756)	(6, 34.03579918695756)	(7, 34.69301318029005)	(8, 30.919342814139625)	(9, 30.878071767171654)	(10, 34.176613073384814)	(15, 32.30614845761067)	(20, 30.47200067519095)	(25, 33.91708936433585)	(30, 35.2251480496828)	(35, 33.75984301810355)	(40, 35.37203865468203)	(45, 33.479199898721355)	(50, 30.007460860024473)	(55, 33.56586347076283)	(60, 35.245257486883006)	(65, 36.899087085566386)	(70, 35.457160540715414)	(75, 34.17527113136684)	(80, 34.41660125754315)	(85, 35.279320870433665)	(90, 35.16989492340802)	(95, 33.768612060598386)	(100, 36.211779268824465)	(105, 34.16591411008425)	(110, 34.50415664430096)	(115, 35.08223263141607)	(120, 35.67678890436201)	(125, 34.892335176041975)	(130, 32.9067589427635)	(135, 33.69233798933762)	(140, 34.34512948193161)	(145, 34.74088703211377)	(150, 33.5848419631177)
SRR15702633_2	(1, 27.486657945450197)	(2, 30.619600230690242)	(3, 31.947391371622288)	(4, 30.38609669297098)	(5, 30.96840669001702)	(6, 35.83874189419195)	(7, 35.34765300811636)	(8, 31.980278797597446)	(9, 34.2079025474392)	(10, 36.29628222981812)	(15, 35.11621724268895)	(20, 35.50744820019412)	(25, 35.48503186057307)	(30, 32.92455303765596)	(35, 34.6744763753499)	(40, 33.51305791169065)	(45, 33.58485321630023)	(50, 31.72640137288827)	(55, 34.857818851894045)	(60, 35.07999887468175)	(65, 33.51403693857169)	(70, 35.97174607193597)	(75, 36.48967098507547)	(80, 36.35861923450226)	(85, 34.086950528196255)	(90, 34.37260975369597)	(95, 33.783711018272356)	(100, 30.574379316650493)	(105, 28.454496349748915)	(110, 33.51805995132999)	(115, 32.441735240747775)	(120, 35.94552334332053)	(125, 32.311640010690525)	(130, 35.461470509628505)	(135, 32.48859911943846)	(140, 33.424090250523975)		
SRR15702634_1	(1, 31.58262715561113)	(2, 31.964631983016837)	(3, 31.84230086951464)	(4, 30.956925582342166)	(5, 29.14001221391805)	(6, 28.549928752144705)	(7, 31.14392648384564)	(8, 30.185488702125802)	(9, 29.15319742926106)	(10, 34.653685404367934)	(15, 32.25821153342833)	(20, 30.11197952714689)	(25, 33.966991014046)	(30, 35.0223852037107)	(35, 34.03378020763661)	(40, 35.26711373484166)	(45, 32.80370256201472)	(50, 31.318607613342248)	(55, 34.49107395236572)	(60, 36.35355337772996)	(65, 37.16555791432809)	(70, 35.945470090441155)	(75, 34.95927530752901)	(80, 35.08014191409544)	(85, 34.87569255823421)	(90, 35.167060807863436)	(95, 33.80873120656062)	(100, 35.82475935673365)	(105, 34.97930380667112)	(110, 34.339573676098524)	(115, 34.84701427865182)	(120, 36.16129467531334)	(125, 35.58109634454881)	(130, 33.138061476720864)	(135, 33.939354988803906)	(140, 33.82342047866926)	(145, 33.964023613574895)	(150, 33.41196382353797)
SRR15702634_2	(1, 27.556663855526796)	(2, 30.74836420740396)	(3, 31.908826009829294)	(4, 30.308773664466223)	(5, 30.971250763369877)	(6, 35.92769360514148)	(7, 35.34401372611743)	(8, 32.19813301538372)	(9, 34.280576962224096)	(10, 36.242980196004304)	(15, 35.13175560531597)	(20, 35.406853752871726)	(25, 35.42225143222729)	(30, 32.88013028179254)	(35, 34.44743653124728)	(40, 33.818994387413845)	(45, 31.82060080844505)	(50, 30.48405385756245)	(55, 34.229262221188236)	(60, 34.4236612673394)	(65, 32.66331927763399)	(70, 35.05569313984936)	(75, 34.92592084217873)	(80, 35.459177014569455)	(85, 33.1226009829296)	(90, 34.20053392270334)	(95, 32.476648733533025)	(100, 30.449204641288862)	(105, 28.161314450228282)	(110, 33.34249105766715)	(115, 31.07226800825893)	(120, 34.61674702649257)	(125, 32.33208014656701)	(130, 34.89494983569372)	(135, 32.106451856806345)	(140, 33.50705789978771)		
SRR15702635_1	(1, 31.245061346240433)	(2, 31.91964486717695)	(3, 31.945604457451598)	(4, 31.816172332282754)	(5, 31.51003208014408)	(6, 31.82502251238181)	(7, 33.27774651058082)	(8, 31.204060670868977)	(9, 30.751997973885636)	(10, 33.47986267447096)	(15, 32.69951598379108)	(20, 30.15243133723548)	(25, 34.161864025213866)	(30, 35.34100067537146)	(35, 34.21993471409276)	(40, 35.535144642053126)	(45, 33.63365319675822)	(50, 30.25694506978839)	(55, 33.58433982440342)	(60, 35.897706551103106)	(65, 36.952600180099054)	(70, 36.05903590724899)	(75, 34.763403309320125)	(80, 34.14100067537146)	(85, 34.77750731652409)	(90, 35.69598998199009)	(95, 33.95015758667267)	(100, 35.98582001350743)	(105, 34.05306449797389)	(110, 34.539112449347144)	(115, 34.459241332733)	(120, 36.029727600180095)	(125, 35.329426497073385)	(130, 33.31702217469608)	(135, 33.610974786132374)	(140, 33.8439104007204)	(145, 34.21233397118415)	(150, 32.711503827104906)
SRR15702635_2	(1, 27.38752251238181)	(2, 30.586138000900494)	(3, 31.917168505177848)	(4, 30.45835209365151)	(5, 30.95847872579919)	(6, 35.88902802791535)	(7, 35.35805943268798)	(8, 31.963966118865375)	(9, 34.3239813147231)	(10, 36.3659837910851)	(15, 34.6059179423683)	(20, 35.48335772174696)	(25, 35.29444225574066)	(30, 32.856185276902295)	(35, 34.2269191805493)	(40, 32.85118190004503)	(45, 31.609947658712294)	(50, 30.144937528140474)	(55, 34.22346071589374)	(60, 34.59886312471859)	(65, 32.45398750562809)	(70, 35.33202386312472)	(75, 36.17013732552904)	(80, 35.9146865150833)	(85, 33.47682068887888)	(90, 34.06541816749212)	(95, 33.05781461053579)	(100, 30.574212066636655)	(105, 27.888369540747412)	(110, 33.23673457901846)	(115, 30.963634061233677)	(120, 35.004969608284554)	(125, 30.921310783430886)	(130, 34.7723519810896)	(135, 31.356047388563713)	(140, 32.611267447095905)		
SRR15702636_1	(1, 31.365067523963457)	(2, 32.328158765682076)	(3, 32.55520624263631)	(4, 32.6381887829109)	(5, 32.68979828659053)	(6, 36.15070188214537)	(7, 35.833324452496406)	(8, 32.67947283351983)	(9, 32.87681687122194)	(10, 35.0176527355938)	(15, 37.366616341924065)	(20, 37.43291948633239)	(25, 37.12773011728625)	(30, 38.380946460394426)	(35, 37.525335843649906)	(40, 37.696384315257866)	(45, 37.224765693919)	(50, 37.32156800056838)	(55, 36.62588112703742)	(60, 36.99277928752006)	(65, 37.245686577503065)	(70, 37.03176616164308)	(75, 37.0975482969515)	(80, 37.31653078986163)	(85, 37.58527557236994)	(90, 37.140561150482824)	(95, 36.55337915845189)	(100, 37.76825752058873)	(105, 36.38922221630166)	(110, 37.544009283434875)	(115, 37.28405060892938)	(120, 36.50359673895669)	(125, 36.24532423935632)	(130, 34.22799595033836)	(135, 34.481029940261564)	(140, 33.69418660414557)	(145, 36.0580731677271)	(150, 29.622661049267215)
SRR15702636_2	(1, 30.182441993333452)	(2, 31.20681100986957)	(3, 32.13130613429009)	(4, 32.52387464994701)	(5, 31.953861091869296)	(6, 36.52107422603506)	(7, 36.15971297135042)	(8, 36.185721982439624)	(9, 36.04005849511258)	(10, 36.05415771182276)	(15, 36.503506746475786)	(20, 36.131595057518226)	(25, 36.89737896899403)	(30, 35.86552755131644)	(35, 36.39837776712078)	(40, 36.3597792815995)	(45, 36.908830512187464)	(50, 35.30465059827238)	(55, 37.2029839612085)	(60, 36.413214685351946)	(65, 36.13555709490062)	(70, 37.08945252600605)	(75, 37.17807617389863)	(80, 35.53509884371503)	(85, 35.651094415137685)	(90, 36.11381680609581)	(95, 36.507250907325506)	(100, 32.74014197497972)	(105, 33.233266431028454)	(110, 34.387285009739315)	(115, 35.1093858605235)	(120, 37.26392426422266)	(125, 36.032367690331135)	(130, 35.995557213311784)	(135, 33.5584708382918)	(140, 33.51878533833029)	(145, 35.45637616270834)	(150, 30.26859310892896)
SRR15702638_1	(1, 31.5404743032589)	(2, 32.401408514864116)	(3, 32.57757309062418)	(4, 32.63793150572608)	(5, 32.68256484543691)	(6, 36.060941500168546)	(7, 35.7697907271253)	(8, 32.4194841519301)	(9, 32.579978316524084)	(10, 34.848208380025696)	(15, 37.35174788859431)	(20, 37.44474266816082)	(25, 37.13148932681007)	(30, 38.389389673927894)	(35, 37.531312579149244)	(40, 37.69732783046801)	(45, 37.206173413143105)	(50, 37.37673855012254)	(55, 36.761479942784774)	(60, 37.11910605770721)	(65, 37.312739497635775)	(70, 37.13678446807153)	(75, 37.0861690400051)	(80, 37.250648226601434)	(85, 37.61440220114613)	(90, 37.40456992920983)	(95, 36.78258397791566)	(100, 37.806627126210586)	(105, 36.57823817202832)	(110, 37.60668725685808)	(115, 37.36951558385948)	(120, 36.48030903508531)	(125, 36.32774664953854)	(130, 34.049671559114806)	(135, 34.91265932343911)	(140, 34.13347181603667)	(145, 36.41982847518979)	(150, 31.271283534308658)
SRR15702638_2	(1, 29.58710288718215)	(2, 31.539772779038092)	(3, 31.55596250034165)	(4, 32.138327821357315)	(5, 31.519884111843005)	(6, 36.34437550678292)	(7, 36.51874527382221)	(8, 35.779712283962425)	(9, 35.46610362514919)	(10, 35.56580206084128)	(15, 36.30228769781617)	(20, 35.64787857253488)	(25, 36.54314920600213)	(30, 35.64988110531063)	(35, 36.282887364364385)	(40, 36.444319931487506)	(45, 36.77014422244696)	(50, 34.51718005484644)	(55, 37.10797277721595)	(60, 35.868073359389946)	(65, 35.39281529869443)	(70, 36.860957899436045)	(75, 37.102262187844495)	(80, 35.46865826659743)	(85, 35.53220725029837)	(90, 35.891737502391564)	(95, 36.4462532229116)	(100, 32.27318993084975)	(105, 32.73993677171309)	(110, 34.37263144468436)	(115, 34.89693424804803)	(120, 36.80860232687384)	(125, 35.76705387159373)	(130, 36.21605123860023)	(135, 33.12210894580043)	(140, 33.489753191024136)	(145, 35.49712663980148)	(150, 29.616765778199508)
SRR15702639_1	(1, 32.619776746954145)	(2, 32.65576642867322)	(3, 32.76189229588029)	(4, 32.73867490823347)	(5, 32.72476004472343)	(6, 35.89268699059138)	(7, 35.57760589013379)	(8, 32.52872651847164)	(9, 32.98755666548015)	(10, 34.98078411652701)	(15, 37.31775998633939)	(20, 37.425079148044986)	(25, 36.997444787843065)	(30, 38.33681754233314)	(35, 37.503898610145896)	(40, 37.612626396744055)	(45, 37.16324944236961)	(50, 37.424950200922716)	(55, 36.88405268124008)	(60, 37.13047038077069)	(65, 37.353540615518476)	(70, 37.12571339964003)	(75, 37.18367896058826)	(80, 37.18805299262164)	(85, 37.50279935790108)	(90, 37.06068525288138)	(95, 36.52762274617193)	(100, 37.363845210719305)	(105, 36.10488825105891)	(110, 37.24353064000839)	(115, 36.973247427178464)	(120, 36.17230549795625)	(125, 36.27559565848725)	(130, 34.1337488017146)	(135, 33.99957385926684)	(140, 33.803993468520645)	(145, 35.773633482433624)	(150, 30.421769775248496)
SRR15702639_2	(1, 30.65612552192509)	(2, 32.36753445443251)	(3, 32.43359882378127)	(4, 32.504043879688695)	(5, 32.37724001679954)	(6, 36.34314499143387)	(7, 35.99551949556187)	(8, 35.48220134207964)	(9, 35.5057746840513)	(10, 35.90912015247652)	(15, 36.529328815789555)	(20, 36.26091715681012)	(25, 36.91642883016584)	(30, 35.77839564417375)	(35, 36.50937754449272)	(40, 36.38214728975624)	(45, 36.642276073654294)	(50, 34.575617944869144)	(55, 37.50821488592198)	(60, 36.226618728973115)	(65, 35.84465048361449)	(70, 37.01150805982293)	(75, 37.11693934525749)	(80, 35.728172058401626)	(85, 35.57197565950426)	(90, 36.299515412445594)	(95, 36.489060525418715)	(100, 32.67867180697357)	(105, 33.15191465131856)	(110, 34.336000793520746)	(115, 34.69785956566039)	(120, 37.12387386284521)	(125, 36.160606089141766)	(130, 36.09565026326182)	(135, 34.18165259485681)	(140, 33.94317512513332)	(145, 34.35669634931635)	(150, 31.229575075421764)
SRR15702640_1	(1, 32.42022119079427)	(2, 32.651493657636316)	(3, 32.77386477887807)	(4, 32.46952773148595)	(5, 32.747848003636015)	(6, 36.235514482074734)	(7, 35.86746456953186)	(8, 32.24580274629168)	(9, 33.00506838183646)	(10, 34.936895891580704)	(15, 37.34102221548886)	(20, 37.32584186097759)	(25, 36.980872367678046)	(30, 38.32088366135497)	(35, 37.555624113377505)	(40, 37.63165810459047)	(45, 37.09369344553555)	(50, 37.48815403473494)	(55, 37.160576803889434)	(60, 37.374189816408894)	(65, 37.326761882463124)	(70, 37.35489691076618)	(75, 37.18152244273968)	(80, 37.23227512498795)	(85, 37.59075846681449)	(90, 37.14959714628066)	(95, 36.25882077485642)	(100, 37.338036277493906)	(105, 36.53960361948573)	(110, 37.405093172834576)	(115, 36.70870852672608)	(120, 36.13452697398323)	(125, 36.145098957400805)	(130, 34.547553266213995)	(135, 34.1624471469693)	(140, 33.27257702425386)	(145, 35.94400782789649)	(150, 30.432084284815037)
SRR15702640_2	(1, 30.59130662332833)	(2, 32.32315066040464)	(3, 32.059415758811134)	(4, 32.10241436776069)	(5, 32.521588827523516)	(6, 36.276047763989695)	(7, 35.34814825016872)	(8, 35.17883950583277)	(9, 35.05463660528599)	(10, 35.57730246394975)	(15, 36.214987535637064)	(20, 35.87719641356894)	(25, 36.60905973253268)	(30, 35.55613370611648)	(35, 36.02735548914016)	(40, 35.9867560978969)	(45, 36.44551902709106)	(50, 33.78427699808559)	(55, 37.0671422865564)	(60, 36.04517746222815)	(65, 34.47776936108089)	(70, 36.83362485710744)	(75, 36.81682757860813)	(80, 35.42301155535968)	(85, 35.80510970016665)	(90, 36.020042144696795)	(95, 36.296414946217304)	(100, 32.31265304998141)	(105, 31.743823598275647)	(110, 33.67479719586266)	(115, 34.55326896855675)	(120, 36.667968653160166)	(125, 35.81521340917543)	(130, 35.68378530995634)	(135, 33.58330739460382)	(140, 33.291715674797196)	(145, 33.85237196345604)	(150, 28.098136874076786)
SRR15702641_1	(1, 32.57247167202773)	(2, 32.61494799880505)	(3, 32.70703561925538)	(4, 32.72269503053377)	(5, 32.75651491256713)	(6, 36.237357491715244)	(7, 35.87040343478835)	(8, 32.70615330105114)	(9, 33.52994671353837)	(10, 34.99616365265842)	(15, 37.29764136196583)	(20, 37.43067827343528)	(25, 37.12104016284677)	(30, 38.34741105607237)	(35, 37.53858231612002)	(40, 37.62543021696691)	(45, 37.08173740264973)	(50, 37.30459847574319)	(55, 36.82445619324853)	(60, 36.74177533538513)	(65, 37.30728850415801)	(70, 37.13201703499399)	(75, 37.08051883089364)	(80, 37.21590256983861)	(85, 37.4929240858975)	(90, 37.008914887556536)	(95, 36.5864345312945)	(100, 37.140945817325395)	(105, 36.00520081423381)	(110, 37.006483301954304)	(115, 37.00577605791342)	(120, 35.59460882735048)	(125, 35.60382245256672)	(130, 33.40697656646218)	(135, 34.11803611251988)	(140, 33.67500677370275)	(145, 35.98660390172461)	(150, 32.10568705699552)
SRR15702641_2	(1, 30.5057837000396)	(2, 31.49712030790821)	(3, 32.39268717998597)	(4, 32.27625591396355)	(5, 31.8479147416614)	(6, 36.61920674730268)	(7, 36.24828573215043)	(8, 35.44578606215133)	(9, 35.51134160998756)	(10, 35.722060039322216)	(15, 36.706560417954826)	(20, 35.880339588297815)	(25, 36.77285099938168)	(30, 35.71876558820056)	(35, 36.3267286836785)	(40, 36.352911997443364)	(45, 36.702864407839435)	(50, 35.06988932811816)	(55, 37.12094428890016)	(60, 36.34392624653499)	(65, 35.59244263194826)	(70, 36.78608994087774)	(75, 36.98080158956225)	(80, 35.892819875085976)	(85, 36.08774967173595)	(90, 36.258524791752066)	(95, 36.556742786875)	(100, 32.42439227728413)	(105, 33.22350579064742)	(110, 34.20672368155955)	(115, 34.84512328139004)	(120, 37.22325290574479)	(125, 36.00613176415008)	(130, 36.011140830490696)	(135, 34.13350655486004)	(140, 33.52131250043421)	(145, 35.39914504612521)	(150, 30.508279914285524)
SRR15702642_1	(1, 32.634275524326625)	(2, 32.69929734908975)	(3, 32.78247098903439)	(4, 32.54851352070691)	(5, 32.714927339508144)	(6, 35.80365032470989)	(7, 35.602024113701695)	(8, 32.49529569892473)	(9, 33.591910199084424)	(10, 35.207862237836686)	(15, 37.30930080911317)	(20, 37.35661662940488)	(25, 37.07903092728627)	(30, 38.35660332162249)	(35, 37.53723251357393)	(40, 37.630569306930695)	(45, 37.115313265197486)	(50, 37.46034680080911)	(55, 36.95680826147131)	(60, 37.43017938890664)	(65, 37.30052432662622)	(70, 37.287824709890344)	(75, 37.19816751836474)	(80, 37.26833679335675)	(85, 37.44496034280847)	(90, 37.2824816352603)	(95, 36.34523847546045)	(100, 37.39006440966678)	(105, 36.36561135952305)	(110, 37.291580166081125)	(115, 36.51637256467582)	(120, 35.35206802938358)	(125, 36.035635579686996)	(130, 33.852637602469926)	(135, 34.05846508037901)	(140, 33.804813424890874)	(145, 35.95414708828952)	(150, 31.30941509765504)
SRR15702642_2	(1, 31.958839029064197)	(2, 31.856854838709676)	(3, 31.99075774512935)	(4, 31.924358564888745)	(5, 31.768218354093474)	(6, 36.26676780581284)	(7, 35.261185191099756)	(8, 35.212052858511655)	(9, 34.7723770360907)	(10, 35.0374321303098)	(15, 35.9409773235388)	(20, 35.28880416267434)	(25, 36.25301953582455)	(30, 35.180092888321084)	(35, 35.67764159480464)	(40, 36.16815314595976)	(45, 36.22768684126477)	(50, 32.126757958053865)	(55, 36.96377887788779)	(60, 35.56611306291919)	(65, 34.12808208240179)	(70, 36.609126477163855)	(75, 36.76545832002555)	(80, 35.29105450867667)	(85, 35.52496806132227)	(90, 35.72509581603322)	(95, 36.09650404556585)	(100, 31.666641381880122)	(105, 31.41110933674013)	(110, 33.22183807090387)	(115, 34.33367002022783)	(120, 36.5110334823805)	(125, 35.74732513573938)	(130, 35.966640051101884)	(135, 33.28348238049612)	(140, 33.17729825401895)	(145, 33.59687636100887)	(150, 29.25458460430019)
