Sample	fastqc-percent_duplicates	fastqc-percent_gc	fastqc-avg_sequence_length	fastqc-median_sequence_length	fastqc-percent_fails	fastqc-total_sequences
SRR15702528_1	97.13840257251437	52.0	150.99601292753434	151	30.0	0.123148
SRR15702528_2	95.69217526878228	53.0	150.0204956637542	150	40.0	0.123148
SRR15702529_1	97.07169303264894	54.0	150.998869067654	151	40.0	0.14855
SRR15702529_2	94.71625715247391	55.0	150.27769774486706	150	40.0	0.14855
SRR15702530_1	96.67142813100536	50.0	150.9349905969643	151	40.0	0.19461799999999999
SRR15702530_2	93.97434975182152	52.0	150.24890297916946	150	40.0	0.19461799999999999
SRR15702531_1	96.72544653001863	54.0	150.99817449135725	151	40.0	0.132018
SRR15702531_2	93.47058734415003	56.0	150.35442136678333	150	40.0	0.132018
SRR15702532_1	96.72919236630143	53.0	150.99911109498586	151	40.0	0.110248
SRR15702532_2	94.98494303751542	55.0	150.21277483491764	150	30.0	0.110248
SRR15702534_1	97.14780084840366	51.0	150.99926508893356	151	40.0	0.107496
SRR15702534_2	94.87980948128302	53.0	150.26165624767432	150	40.0	0.107496
SRR15702535_1	96.23933239710489	52.0	150.9983120881495	151	40.0	0.074056
SRR15702535_2	93.03094955169061	54.0	150.52106513989415	151	40.0	0.074056
SRR15702536_1	97.61140104375752	51.0	150.99920547303626	151	40.0	0.239136
SRR15702536_2	96.06416432490299	54.0	150.06634718319282	150	40.0	0.239136
SRR15702537_1	97.34963581117427	50.0	150.9963363040286	151	40.0	0.068783
SRR15702537_2	94.85774101158717	51.0	150.61177907331754	151	40.0	0.068783
SRR15702538_1	97.39171822941456	51.0	150.99867523401554	151	40.0	0.12606
SRR15702538_2	95.64493098524513	53.0	150.23165159447882	150	40.0	0.12606
SRR15702540_1	96.72204295164867	50.0	150.98670451826513	151	40.0	0.154639
SRR15702540_2	94.06423993947193	53.0	150.2575546918953	150	40.0	0.154639
SRR15702542_1	96.56040839478162	51.0	150.93265456608054	151	40.0	0.17629999999999998
SRR15702542_2	93.35677821894498	52.0	150.23984685195688	150	40.0	0.17629999999999998
SRR15702544_1	98.08411379963825	52.0	150.9985051143921	151	40.0	0.254869
SRR15702544_2	97.09811707190752	53.0	150.0291090717192	150	40.0	0.254869
SRR15702546_1	97.44743901240116	50.0	150.98568178307093	151	40.0	0.142406
SRR15702546_2	95.79512099209303	51.0	150.4735474628878	151	40.0	0.142406
SRR15702548_1	97.27929528107148	49.0	150.0	150	40.0	0.083324
SRR15702548_2	95.24266717872402	52.0	140.0	140	40.0	0.083324
SRR15702552_1	94.70776956339796	53.0	150.0	150	40.0	0.035844999999999995
SRR15702552_2	93.19012414562701	54.0	140.0	140	40.0	0.035844999999999995
SRR15702554_1	97.4048035313519	49.0	150.0	150	40.0	0.080649
SRR15702554_2	95.62548822676041	51.0	140.0	140	40.0	0.080649
SRR15702556_1	96.97623746094392	48.0	150.0	150	40.0	0.048648
SRR15702556_2	94.39236967604012	51.0	140.0	140	40.0	0.048648
SRR15702558_1	94.93339471185661	51.0	150.0	150	40.0	0.034756999999999996
SRR15702558_2	93.29343729320712	54.0	140.0	140	40.0	0.034756999999999996
SRR15702559_1	95.0005499080868	52.0	150.0	150	40.0	0.063647
SRR15702559_2	93.07587160431757	53.0	140.0	140	40.0	0.063647
SRR15702560_1	95.52745695159774	52.0	150.0	150	40.0	0.071257
SRR15702560_2	93.71149501101647	54.0	140.0	140	40.0	0.071257
SRR15702561_1	95.3623058274221	51.0	150.0	150	40.0	0.022274
SRR15702561_2	93.25671186136303	53.0	140.0	140	30.0	0.022274
SRR15702562_1	96.84785839305175	48.0	150.0	150	40.0	0.060562
SRR15702562_2	94.73101945114098	51.0	140.0	140	40.0	0.060562
SRR15702563_1	95.062716212082	51.0	150.0	150	40.0	0.042492999999999996
SRR15702563_2	93.70955216153249	52.0	140.0	140	40.0	0.042492999999999996
SRR15702564_1	94.60022465026039	52.0	150.0	150	40.0	0.048964999999999995
SRR15702564_2	92.41090574900439	55.0	140.0	140	40.0	0.048964999999999995
SRR15702566_1	97.1012136635632	49.0	150.0	150	40.0	0.159929
SRR15702566_2	94.47317247028369	51.0	140.0	140	40.0	0.159929
SRR15702567_1	95.80467451184927	51.0	150.0	150	40.0	0.030677
SRR15702567_2	94.05091762558268	54.0	140.0	140	40.0	0.030677
SRR15702568_1	97.09373745363463	50.0	150.0	150	40.0	0.166881
SRR15702568_2	95.17560417303348	52.0	140.0	140	40.0	0.166881
SRR15702628_1	96.18256312133438	49.0	150.0	150	40.0	0.096164
SRR15702628_2	91.79006696892809	52.0	140.0	140	40.0	0.096164
SRR15702629_1	96.09573978417635	50.0	150.0	150	40.0	0.09776499999999999
SRR15702629_2	92.17613665422186	53.0	140.0	140	40.0	0.09776499999999999
SRR15702630_1	95.19937188043295	49.0	150.0	150	40.0	0.106986
SRR15702630_2	91.15117865888995	52.0	140.0	140	40.0	0.106986
SRR15702631_1	96.4331784025062	51.0	150.0	150	40.0	0.14651699999999998
SRR15702631_2	92.95235365179467	53.0	140.0	140	40.0	0.14651699999999998
SRR15702632_1	94.86362910310677	50.0	150.0	150	40.0	0.100168
SRR15702632_2	88.80780289114288	52.0	140.0	140	40.0	0.100168
SRR15702633_1	94.83900915727729	51.0	150.0	150	40.0	0.071091
SRR15702633_2	89.13505225696642	53.0	140.0	140	40.0	0.071091
SRR15702634_1	95.85715532032454	49.0	150.0	150	40.0	0.171935
SRR15702634_2	89.43030796521941	51.0	140.0	140	40.0	0.171935
SRR15702635_1	94.93049302116164	50.0	150.0	150	40.0	0.071072
SRR15702635_2	88.41315848716795	53.0	140.0	140	40.0	0.071072
SRR15702636_1	97.29904146166734	52.0	150.9991237574229	151	40.0	0.168903
SRR15702636_2	95.2375031822999	54.0	150.13295796995908	150	40.0	0.168903
SRR15702638_1	96.8322081613688	51.0	150.99900693324588	151	40.0	0.109761
SRR15702638_2	94.75952296352985	53.0	150.0745893350097	150	40.0	0.109761
SRR15702639_1	98.39807998111621	52.0	150.96116958932163	151	40.0	1.592901
SRR15702639_2	96.86188909417471	54.0	150.23729346644896	150	40.0	1.592901
SRR15702640_1	96.069249521396	53.0	150.99900836007546	151	40.0	0.07260699999999999
SRR15702640_2	93.20864379467544	55.0	150.2619031222885	150	40.0	0.07260699999999999
SRR15702641_1	97.00150758307339	52.0	150.99778378340824	151	40.0	0.14393899999999998
SRR15702641_2	94.93604929866123	54.0	150.12943677530066	150	40.0	0.14393899999999998
SRR15702642_1	96.40157564143512	51.0	150.95495981049717	151	40.0	0.150288
SRR15702642_2	93.517113808155	53.0	150.23823592036624	150	40.0	0.150288
